 <pre>

 Contingency table for Low clouds (octas)
 Selection: Sweden    126 stations
Period: 20240601-20240630
Used {00,03,...,21} + 01 02 ... 12
 Limits    1.00000000       2.00000000       3.00000000       4.00000000       5.00000000       6.00000000       7.00000000    
 Each class is data <= limit, the very last > last limit
 Total number of values      322810
                                              OBSERVATION
                                 151270     7257     4990     4086     3034     2967     3047     6839 |    183490
                                  10513     1534     1162     1019      724      705      800     1406 |     17863
                                   6794     1261      989      813      589      633      612     1112 |     12803
                     MNWC2_ref     5853     1267      961      857      638      583      651     1045 |     11855
                                   5031     1293     1079      933      686      637      641     1126 |     11426
                                   4851     1440     1131      968      745      680      786     1325 |     11926
                                   5508     1869     1505     1357     1004      955     1099     2028 |     15325
                                  12262     6831     5758     5285     4061     4267     5144    14514 |     58122

                    SUM          202082    22752    17575    15318    11481    11427    12780    29395 |    322810
                                              OBSERVATION
                                 157783     7889     5392     4469     3231     3192     3235     6958 |    192149
                                   9199     1544     1218     1039      749      737      829     1474 |     16789
                                   6147     1201      994      852      618      592      687     1158 |     12249
                  MNWC2_Bscale     5213     1232     1015      868      654      627      660     1120 |     11389
                                   4458     1303     1048      899      650      607      644     1200 |     10809
                                   4154     1431     1115     1016      735      780      814     1421 |     11466
                                   4889     1819     1474     1258     1010      943     1057     1999 |     14449
                                  10239     6333     5319     4917     3834     3949     4854    14065 |     53510

                    SUM          202082    22752    17575    15318    11481    11427    12780    29395 |    322810

