 <pre>

 Contingency table for Rh2m (%)
 Selection: FinlandNorth     35 stations
Period: 20240601-20240630
Used {00,03,...,21} + 00 01 ... 12
 Limits    30.0000000       50.0000000       65.0000000       75.0000000       85.0000000       95.0000000       100.000000    
 Each class is data <= limit, the very last > last limit
 Total number of values      105628
                                              OBSERVATION
                                     37       20        0        0        0        0        0        0 |        57
                                    604     5990      652      109       35        6        0        0 |      7396
                                    140     6545     8699     1950      663      373      103        0 |     18473
                     MNWC2_ref       13     1390     7354     5918     2582     1127      342        0 |     18726
                                      0      379     3097     5425     6646     4413     1697        0 |     21657
                                      0      150     1061     2552     5104     9836     6055        0 |     24758
                                      0       12      114      413     1090     4211     8327        0 |     14167
                                      0        0        0        1       10       41      342        0 |       394

                    SUM             794    14486    20977    16368    16130    20007    16866        0 |    105628
                                              OBSERVATION
                                     49       70        1        0        0        0        0        0 |       120
                                    659     7125     1094      193       71       43        5        0 |      9190
                                     82     5760     9921     2650      938      518      153        0 |     20022
                  MNWC2_Bscale        4     1156     6768     6273     3119     1401      499        0 |     19220
                                      0      295     2353     4908     6612     4741     1868        0 |     20777
                                      0       76      760     2033     4567     9655     6180        0 |     23271
                                      0        4       80      310      820     3601     7868        0 |     12683
                                      0        0        0        1        3       48      293        0 |       345

                    SUM             794    14486    20977    16368    16130    20007    16866        0 |    105628

