 <pre>

 Contingency table for Rh2m (%)
 Selection: Gotaland     53 stations
Period: 20240601-20240630
Used {00,03,...,21} + 00 01 ... 12
 Limits    30.0000000       50.0000000       65.0000000       75.0000000       85.0000000       95.0000000       100.000000    
 Each class is data <= limit, the very last > last limit
 Total number of values      161560
                                              OBSERVATION
                                     29      117        3        0        0        0        0        0 |       149
                                     87     6726     3768      297      142       26        5        0 |     11051
                                      4     3215    16892     6496     1751      425       76        0 |     28859
                     MNWC2_ref        1      298     6435    13069     7933     2008      333        0 |     30077
                                      0       83     1650     7597    17762     9338     1523        0 |     37953
                                      0       13      375     1483     8083    20419     7921        0 |     38294
                                      0        1       63      215      995     5107     8397        0 |     14778
                                      0        0        0        0       15       73      311        0 |       399

                    SUM             121    10453    29186    29157    36681    37396    18566        0 |    161560
                                              OBSERVATION
                                     47      148        3        0        0        0        0        0 |       198
                                     72     7512     4745      375      158       26        7        0 |     12895
                                      2     2502    17303     7508     2167      582      108        0 |     30172
                  MNWC2_Bscale        0      223     5588    13144     8565     2310      356        0 |     30186
                                      0       56     1241     6797    17644    10003     1802        0 |     37543
                                      0       11      273     1207     7361    19968     8161        0 |     36981
                                      0        1       33      126      779     4439     7797        0 |     13175
                                      0        0        0        0        7       68      335        0 |       410

                    SUM             121    10453    29186    29157    36681    37396    18566        0 |    161560

