 <pre>

 Contingency table for Low clouds (octas)
 Selection: METCOOPMountain      6 stations
Period: 20240601-20240630
Used {00,03,...,21} + 01 02 ... 12
 Limits    1.00000000       2.00000000       3.00000000       4.00000000       5.00000000       6.00000000       7.00000000    
 Each class is data <= limit, the very last > last limit
 Total number of values       14603
                                              OBSERVATION
                                   4336      181      141      120       79       63       99      113 |      5132
                                    612       50       38       44       27       36       49       48 |       904
                                    446       55       36       42       21       32       34       61 |       727
                     MNWC2_ref      392       43       26       35       21       27       26       52 |       622
                                    374       47       41       34       36       40       29       64 |       665
                                    411       70       34       37       26       34       65       89 |       766
                                    534       81       54       64       49       44       76      174 |      1076
                                   1607      313      254      260      185      250      542     1300 |      4711

                    SUM            8712      840      624      636      444      526      920     1901 |     14603
                                              OBSERVATION
                                   4576      179      149      118       87       78       95      129 |      5411
                                    592       51       38       55       32       45       43       68 |       924
                                    463       52       41       47       23       31       50       68 |       775
                  MNWC2_Bscale      392       57       32       38       29       32       45       56 |       681
                                    362       50       28       39       25       37       48       87 |       676
                                    340       66       41       50       29       41       72       64 |       703
                                    496       81       58       50       41       37       80      114 |       957
                                   1491      304      237      239      178      225      487     1315 |      4476

                    SUM            8712      840      624      636      444      526      920     1901 |     14603

