 <pre>

 Contingency table for Cloud base (m)
 Selection: METCOOPMountain      6 stations
Period: 20240601-20240630
Used {00,03,...,21} + 01 02 ... 12
 Limits    70.0000000       150.000000       300.000000       600.000000       1000.00000       1500.00000       2500.00000       5000.00000    
 Each class is data <= limit, the very last > last limit
 Total number of values       14216
                                                       OBSERVATION
                                      3       19       53       35        9        5        4        5       25 |       158
                                      3       15       78       71       23       10        6        2       14 |       222
                                      3       35      125      179       37       21       14        4       69 |       487
                                      6       35      139      317      186       76       47       24      273 |      1103
                     MNWC2_ref        4       17       65      214      206      253      148       67      469 |      1443
                                     20        8       22      115      108      538      494      115      596 |      2016
                                     10        6       32       86       82      229      593      196      703 |      1937
                                      3       11       31       24       46      101      132      146      301 |       795
                                      4        3       89      240      266      371      836      485     3761 |      6055

                    SUM              56      149      634     1281      963     1604     2274     1044     6211 |     14216
                                                       OBSERVATION
                                      4       12       71       28        6       18       15        3       19 |       176
                                      1       14       78       93       22        8        7        1       15 |       239
                                      3       30       99      155       39       23       17        3       46 |       415
                                      5       28      142      334      182       70       41       16      271 |      1089
                  MNWC2_Bscale        5       28       61      195      204      199      112       48      440 |      1292
                                     20       15       29      115      111      521      433      109      562 |      1915
                                     12        4       24       99       70      230      632      206      656 |      1933
                                      4        9       25       30       41      102      131      126      295 |       763
                                      2        9      105      232      288      433      886      532     3907 |      6394

                    SUM              56      149      634     1281      963     1604     2274     1044     6211 |     14216

