 <pre>

 Contingency table for Cloud base (m)
 Selection: METCOOP    303 stations
Period: 20240601-20240630
Used {00,03,...,21} + 01 02 ... 12
 Limits    70.0000000       150.000000       300.000000       600.000000       1000.00000       1500.00000       2500.00000       5000.00000    
 Each class is data <= limit, the very last > last limit
 Total number of values      628209
                                                       OBSERVATION
                                   1237      881      465      166       66       47      236      164     1328 |      4590
                                    550     1204     1019      391      146      103      112       44      153 |      3722
                                    594     2012     3813     1766      713      422      377      139      292 |     10128
                                    511     1592     5694     8887     4397     2050     1513      607     1243 |     26494
                     MNWC2_ref      610      943     3031     7096    11616     7059     3868     1508     3529 |     39260
                                    851      787     2453     4689     9151    20824    14599     4639     8731 |     66724
                                    958      948     2195     3272     4386    12373    33926    13943    16759 |     88760
                                    572      518     1363     2186     2559     4627    13421    19560     7819 |     52625
                                   4749     2863     6021    10382    11921    18877    34504    31558   215031 |    335906

                    SUM           10632    11748    26054    38835    44955    66382   102556    72162   254885 |    628209
                                                       OBSERVATION
                                   1402      928      494      213       72       76      230      180     1274 |      4869
                                    489     1088      943      387      141       60       81       35      131 |      3355
                                    537     1828     3314     1469      538      295      223      101      234 |      8539
                                    554     1625     5637     8647     3858     1637     1152      424      969 |     24503
                  MNWC2_Bscale      569      938     3165     7195    11255     6100     3287     1234     2847 |     36590
                                    787      821     2536     4546     9584    20292    12710     4043     6941 |     62260
                                    831      940     2204     3216     4384    13280    34028    12428    13709 |     85020
                                    495      516     1326     2090     2459     4454    12621    18299     6008 |     48268
                                   4968     3064     6435    11072    12664    20188    38224    35418   222772 |    354805

                    SUM           10632    11748    26054    38835    44955    66382   102556    72162   254885 |    628209

