 <pre>

 Contingency table for Cloud base (m)
 Selection: FinlandLand     64 stations
Period: 20240601-20240630
Used {00,03,...,21} + 01 02 ... 12
 Limits    70.0000000       150.000000       300.000000       600.000000       1000.00000       1500.00000       2500.00000       5000.00000    
 Each class is data <= limit, the very last > last limit
 Total number of values      148979
                                                       OBSERVATION
                                    358      117       46       34        8       11       49       41      434 |      1098
                                    161      202      167       81       11       23       47       15       34 |       741
                                    179      433      699      418      144       86      148       70       72 |      2249
                                    101      323     1261     1925     1074      518      494      228      250 |      6174
                     MNWC2_ref      100      163      526     1382     2313     1506     1045      428      612 |      8075
                                     94      133      520     1036     2212     4989     4140     1444     1829 |     16397
                                    128      194      493      763     1035     2730     9819     4134     3834 |     23130
                                     50      110      286      492      550      965     4002     5019     1353 |     12827
                                    645      478      814     1432     2062     4311     9458     7751    51337 |     78288

                    SUM            1816     2153     4812     7563     9409    15139    29202    19130    59755 |    148979
                                                       OBSERVATION
                                    368      121       44       35       10       12       57       36      333 |      1016
                                    131      188      131       67       17       12       31       14       22 |       613
                                    148      394      629      321       80       50       82       43       39 |      1786
                                    121      335     1132     1765      752      339      363      157      127 |      5091
                  MNWC2_Bscale       56      160      562     1413     2185     1126      844      331      346 |      7023
                                    100      149      522     1025     2411     4759     3599     1226     1392 |     15183
                                    110      188      526      774     1086     3284     9991     3813     3089 |     22861
                                     62      102      279      466      526      920     3717     4786     1047 |     11905
                                    720      516      987     1697     2342     4637    10518     8724    53360 |     83501

                    SUM            1816     2153     4812     7563     9409    15139    29202    19130    59755 |    148979

