 <pre>

 Contingency table for clouds <7500m (octas)
 Selection: METCOOPMountain      5 stations
Period: 20240601-20240630
Used {00,03,...,21} + 01 02 ... 12
 Limits    1.00000000       2.00000000       3.00000000       4.00000000       5.00000000       6.00000000       7.00000000    
 Each class is data <= limit, the very last > last limit
 Total number of values       14284
                                              OBSERVATION
                                   2621      107      138      129      113       98      207      243 |      3656
                                    428       32       37       33       43       44       97      126 |       840
                                    360       24       37       46       31       47       89      126 |       760
                     MNWC2_ref      355       39       32       34       33       47      100      157 |       797
                                    308       29       27       27       29       27      121      221 |       789
                                    338       37       38       33       46       50      163      245 |       950
                                    492       43       38       40       74       67      262      457 |      1473
                                   1501       61       94       53      155      200      755     2200 |      5019

                    SUM            6403      372      441      395      524      580     1794     3775 |     14284
                                              OBSERVATION
                                   2805      114      156      141      111      115      205      263 |      3910
                                    457       25       37       31       33       38      117      151 |       889
                                    350       31       39       33       36       48      127      154 |       818
                  MNWC2_Bscale      278       44       38       32       29       53      124      158 |       756
                                    277       36       26       29       45       42      132      207 |       794
                                    334       23       28       24       47       50      160      238 |       904
                                    438       38       33       34       86       56      260      453 |      1398
                                   1464       61       84       71      137      178      669     2151 |      4815

                    SUM            6403      372      441      395      524      580     1794     3775 |     14284

