 <pre>

 Contingency table for Cloud base (m)
 Selection: FinlandNorth     21 stations
Period: 20240601-20240630
Used {00,03,...,21} + 01 02 ... 12
 Limits    70.0000000       150.000000       300.000000       600.000000       1000.00000       1500.00000       2500.00000       5000.00000    
 Each class is data <= limit, the very last > last limit
 Total number of values       45334
                                                       OBSERVATION
                                    133       57       39       29        7        5       17        5      101 |       393
                                    125      111      133       76        9       18       38       12       20 |       542
                                    140      273      466      339      109       59      117       40       50 |      1593
                                     78      191      660     1008      642      338      313      154      118 |      3502
                     MNWC2_ref       71       79      301      549      835      830      559      221      254 |      3699
                                     56       66      273      515      796     1719     1794      603      535 |      6357
                                     79       85      244      372      487      955     3224     1239      922 |      7607
                                     17       31       87      179      235      319     1143     1076      322 |      3409
                                    221      129      229      424      593     1288     3036     1925    10387 |     18232

                    SUM             920     1022     2432     3491     3713     5531    10241     5275    12709 |     45334
                                                       OBSERVATION
                                    135       59       29       31        7        7       16        7      117 |       408
                                    100       97      109       62       12       10       23        9       13 |       435
                                    130      239      452      281       65       34       64       28       31 |      1324
                                     99      215      628     1019      502      233      237      111       58 |      3102
                  MNWC2_Bscale       38       86      298      510      886      718      484      173      187 |      3380
                                     63       61      287      505      805     1770     1670      549      470 |      6180
                                     67       86      249      396      475     1005     3280     1130      772 |      7460
                                     30       29       94      173      235      331     1023     1086      261 |      3262
                                    258      150      286      514      726     1423     3444     2182    10800 |     19783

                    SUM             920     1022     2432     3491     3713     5531    10241     5275    12709 |     45334

