 <pre>

 Contingency table for Low clouds (octas)
 Selection: FinlandInlandWind     23 stations
Period: 20240601-20240630
Used {00,03,...,21} + 01 02 ... 12
 Limits    1.00000000       2.00000000       3.00000000       4.00000000       5.00000000       6.00000000       7.00000000    
 Each class is data <= limit, the very last > last limit
 Total number of values       59654
                                              OBSERVATION
                                  29601      792     1075      440      661      380     1046      871 |     34866
                                   1874      134      242       98      142       89      301      211 |      3091
                                   1244      121      200       84      162       86      279      190 |      2366
                     MNWC2_ref     1042      117      195      101      169       93      274      178 |      2169
                                    911      118      209      100      171       82      303      166 |      2060
                                    891      108      207       96      201      102      365      224 |      2194
                                   1114      135      242      145      260      133      523      322 |      2874
                                   2347      302      607      307      758      366     2539     2808 |     10034

                    SUM           39024     1827     2977     1371     2524     1331     5630     4970 |     59654
                                              OBSERVATION
                                  31123      915     1283      507      784      440     1157      907 |     37116
                                   1612      138      252      124      185       91      310      269 |      2981
                                   1044       95      184       89      157       84      291      187 |      2131
                  MNWC2_Bscale      943      126      170       97      173       79      300      192 |      2080
                                    835      116      184       94      182       91      293      183 |      1978
                                    751      107      194      103      166       81      399      249 |      2050
                                    890       96      233       98      231      141      543      390 |      2622
                                   1826      234      477      259      646      324     2337     2593 |      8696

                    SUM           39024     1827     2977     1371     2524     1331     5630     4970 |     59654

