 <pre>

 Contingency table for Low clouds (octas)
 Selection: NorwayInlandWind     12 stations
Period: 20240601-20240630
Used {00,03,...,21} + 03 06 09 12
 Limits    1.00000000       2.00000000       3.00000000       4.00000000       5.00000000       6.00000000       7.00000000    
 Each class is data <= limit, the very last > last limit
 Total number of values        5124
                                              OBSERVATION
                                    688      196      169      130      166      172       89       87 |      1697
                                     39       44       45       49       45       48       29       40 |       339
                                     25       23       43       28       47       41       23       28 |       258
                     MNWC2_ref       19       27       28       35       33       31       22       21 |       216
                                     20       19       28       34       39       39       29       26 |       234
                                     17       23       26       34       43       38       40       29 |       250
                                     13       28       24       36       56       54       46       47 |       304
                                     26       46       77      150      279      317      457      474 |      1826

                    SUM             847      406      440      496      708      740      735      752 |      5124
                                              OBSERVATION
                                    698      210      191      149      205      188       83       94 |      1818
                                     46       35       45       56       54       36       28       42 |       342
                                     17       24       29       34       29       35       30       30 |       228
                  MNWC2_Bscale       20       24       26       35       33       30       24       22 |       214
                                     14       25       31       35       39       35       42       23 |       244
                                     10       19       24       26       41       42       31       37 |       230
                                     18       27       28       37       56       59       46       56 |       327
                                     24       42       66      124      251      315      451      448 |      1721

                    SUM             847      406      440      496      708      740      735      752 |      5124

