 <pre>

 Contingency table for clouds <7500m (octas)
 Selection: FinlandLand     62 stations
Period: 20240601-20240630
Used {00,03,...,21} + 01 02 ... 12
 Limits    1.00000000       2.00000000       3.00000000       4.00000000       5.00000000       6.00000000       7.00000000    
 Each class is data <= limit, the very last > last limit
 Total number of values      170126
                                              OBSERVATION
                                  51886     2118     2904     1454     2118     1341     4127     1282 |     67230
                                   4101      470      798      373      720      483     1763      590 |      9298
                                   3354      476      879      420      785      509     1960      576 |      8959
                     MNWC2_ref     3135      571      866      518      914      537     2413      700 |      9654
                                   2560      449      817      488      941      546     2758      866 |      9425
                                   2346      456      825      462     1037      606     3144     1064 |      9940
                                   2689      541     1071      588     1447      770     5171     2122 |     14399
                                   3730      728     1627      942     2724     1538    16574    13358 |     41221

                    SUM           73801     5809     9787     5245    10686     6330    37910    20558 |    170126
                                              OBSERVATION
                                  55428     2407     3416     1721     2566     1585     5064     1551 |     73738
                                   3768      500      810      444      786      516     2085      628 |      9537
                                   3108      489      862      430      844      475     2154      689 |      9051
                  MNWC2_Bscale     2772      532      920      479      988      614     2531      803 |      9639
                                   2248      430      842      511      976      592     2947      922 |      9468
                                   1860      419      804      433     1027      558     3342     1155 |      9598
                                   2059      478      881      505     1273      726     4903     2175 |     13000
                                   2558      554     1252      722     2226     1264    14884    12635 |     36095

                    SUM           73801     5809     9787     5245    10686     6330    37910    20558 |    170126

