 <pre>

 Contingency table for clouds <7500m (octas)
 Selection: Norrland     36 stations
Period: 20240601-20240630
Used {00,03,...,21} + 01 02 ... 12
 Limits    1.00000000       2.00000000       3.00000000       4.00000000       5.00000000       6.00000000       7.00000000    
 Each class is data <= limit, the very last > last limit
 Total number of values      102456
                                              OBSERVATION
                                  26890     1540     1358     1082     1170     1102     1386     3133 |     37661
                                   2920      353      352      303      389      387      572     1145 |      6421
                                   2349      308      326      288      349      397      520     1083 |      5620
                     MNWC2_ref     2000      337      371      349      369      441      612     1278 |      5757
                                   1674      340      382      359      378      406      676     1489 |      5704
                                   1572      331      371      343      414      442      845     1839 |      6157
                                   1878      355      450      442      612      576     1261     3133 |      8707
                                   3754      577      825      821     1407     1362     3610    14073 |     26429

                    SUM           43037     4141     4435     3987     5088     5113     9482    27173 |    102456
                                              OBSERVATION
                                  28408     1649     1520     1251     1261     1255     1533     3462 |     40339
                                   2767      344      388      325      418      408      676     1238 |      6564
                                   2108      351      345      289      359      410      578     1140 |      5580
                  MNWC2_Bscale     1798      373      368      330      368      411      666     1339 |      5653
                                   1545      303      294      329      417      419      757     1580 |      5644
                                   1386      300      348      372      433      388      850     1875 |      5952
                                   1638      332      437      385      600      594     1208     3096 |      8290
                                   3387      489      735      706     1232     1228     3214    13443 |     24434

                    SUM           43037     4141     4435     3987     5088     5113     9482    27173 |    102456

