 <pre>

 Contingency table for Cloud cover (octas)
 Selection: ALL    392 stations
Period: 20240601-20240630
Used {00,03,...,21} + 01 02 ... 12
 Limits   0.500000000       1.50000000       2.50000000       3.50000000       4.50000000       5.50000000       6.50000000       7.50000000    
 Each class is data <= limit, the very last > last limit
 Total number of values      687549
                                                       OBSERVATION
                                  74097    14860    13149     8367     5172     5573     5716     5816     7893 |    140643
                                  14459     5106     5360     4438     3218     3804     4508     5141     7426 |     53460
                                   6756     2712     3083     2694     2177     2692     3445     4124     6165 |     33848
                                   4815     2071     2526     2325     1971     2461     3344     4116     6251 |     29880
                     MNWC2_ref     4251     1859     2326     2360     2055     2705     3746     4653     6682 |     30637
                                   3658     1706     2204     2318     2124     2936     4305     5556     8416 |     33223
                                   3615     1782     2190     2500     2356     3230     4963     7205    11433 |     39274
                                   4066     2067     2649     2935     2834     4170     7034    11584    20629 |     57968
                                   6420     4861     5834     5834     6016     9408    19743    55807   154693 |    268616

                    SUM          122137    37024    39321    33771    27923    36979    56804   104002   229588 |    687549
                                                       OBSERVATION
                                  77073    15624    14131     8878     5516     5908     6035     5855     7818 |    146838
                                  13380     4976     5185     4434     3324     3987     4716     5149     7342 |     52493
                                   6239     2604     3102     2697     2237     2765     3524     4253     6017 |     33438
                                   4552     1943     2402     2368     1983     2498     3476     4056     6135 |     29413
                  MNWC2_Bscale     4053     1831     2307     2357     2049     2688     3836     4738     6978 |     30837
                                   3603     1672     2256     2345     2186     2963     4387     5665     8500 |     33577
                                   3596     1720     2240     2447     2375     3256     5108     7278    11868 |     39888
                                   4054     2121     2471     2905     2776     4086     7221    11882    20966 |     58482
                                   5587     4533     5227     5340     5477     8828    18501    55126   153964 |    262583

                    SUM          122137    37024    39321    33771    27923    36979    56804   104002   229588 |    687549

