 <pre>

 Contingency table for Cloud base (m)
 Selection: Norrland     44 stations
Period: 20240601-20240630
Used {00,03,...,21} + 01 02 ... 12
 Limits    70.0000000       150.000000       300.000000       600.000000       1000.00000       1500.00000       2500.00000       5000.00000    
 Each class is data <= limit, the very last > last limit
 Total number of values      107925
                                                       OBSERVATION
                                    279      285      184       89       39       16      100       54      298 |      1344
                                    115      292      291      215      108       47       36        9       42 |      1155
                                     91      250      726      623      288      141       89       28       82 |      2318
                                     50      185      690     1392      959      513      294       96      294 |      4473
                     MNWC2_ref       59      176      336      899     1503     1568      676      317      691 |      6225
                                    121      140      349      616      965     3860     3016      962     1887 |     11916
                                    231      179      334      459      582     2195     6945     3042     3391 |     17358
                                     71      106      227      351      282      825     2049     3538     1445 |      8894
                                    963      619      946     1071     1032     3631     6575     7460    31945 |     54242

                    SUM            1980     2232     4083     5715     5758    12796    19780    15506    40075 |    107925
                                                       OBSERVATION
                                    341      272      206      115       34       28       86       50      294 |      1426
                                     94      251      288      222       99       32       31        5       38 |      1060
                                     82      222      635      520      250      120       63       16       81 |      1989
                                     67      208      679     1455      899      430      218       54      265 |      4275
                  MNWC2_Bscale       61      162      394      829     1422     1421      563      296      638 |      5786
                                    105      161      362      587      981     3809     2561      849     1523 |     10938
                                    180      221      332      419      588     2269     6976     2790     2931 |     16706
                                     57       98      205      340      282      827     1973     3327     1278 |      8387
                                    993      637      982     1228     1203     3860     7309     8119    33027 |     57358

                    SUM            1980     2232     4083     5715     5758    12796    19780    15506    40075 |    107925

