 <pre>

 Contingency table for Low clouds (octas)
 Selection: METCOOPCoast     40 stations
Period: 20240601-20240630
Used {00,03,...,21} + 01 02 ... 12
 Limits    1.00000000       2.00000000       3.00000000       4.00000000       5.00000000       6.00000000       7.00000000    
 Each class is data <= limit, the very last > last limit
 Total number of values       99525
                                              OBSERVATION
                                  65968     1422     1105      808      737      725     1158     2382 |     74305
                                   2773      256      214      144      131      103      219      359 |      4199
                                   1611      164      142      111       96       95      129      253 |      2601
                     MNWC2_ref     1317      153      123       91       92       79      133      217 |      2205
                                   1076      149      100       94      102       69      128      212 |      1930
                                    997      148      130      103      123      103      180      258 |      2042
                                   1106      215      176      152      136      101      225      358 |      2469
                                   2502      977      643      593      651      519     1240     2649 |      9774

                    SUM           77350     3484     2633     2096     2068     1794     3412     6688 |     99525
                                              OBSERVATION
                                  68218     1543     1225      833      769      732     1341     2352 |     77013
                                   2287      220      175      142      164      115      213      357 |      3673
                                   1337      156      123      106      116       91      152      245 |      2326
                  MNWC2_Bscale     1035      137      127       99       80       69      132      220 |      1899
                                    882      161      113       74       88       83      135      213 |      1749
                                    776      156      107      116       97       95      140      244 |      1731
                                    905      219      144      148      126      107      197      388 |      2234
                                   1910      892      619      578      628      502     1102     2669 |      8900

                    SUM           77350     3484     2633     2096     2068     1794     3412     6688 |     99525

