 <pre>

 Contingency table for Cloud base (m)
 Selection: METCOOPCoast     43 stations
Period: 20240601-20240630
Used {00,03,...,21} + 01 02 ... 12
 Limits    70.0000000       150.000000       300.000000       600.000000       1000.00000       1500.00000       2500.00000       5000.00000    
 Each class is data <= limit, the very last > last limit
 Total number of values       96589
                                                       OBSERVATION
                                    158      139       64        1        2        1       10       11      204 |       590
                                     38      106       56        2        2        3       11        3       20 |       241
                                     53      124      300       76       37       22       28        9       22 |       671
                                     58      145      527      580      185      129      136       62      171 |      1993
                     MNWC2_ref       62      125      363      580      673      310      250      122      542 |      3027
                                     97      126      376      421      692     1046     1149      299     1221 |      5427
                                    251      191      341      372      381      848     3668     1760     3035 |     10847
                                    218      132      251      277      283      404     2057     3515     1895 |      9032
                                   1097      696     1170     1215      926      865     3857     5333    49602 |     64761

                    SUM            2032     1784     3448     3524     3181     3628    11166    11114    56712 |     96589
                                                       OBSERVATION
                                    265      149       80       13        0        0       10       16      244 |       777
                                     34       98       93        9        3        6        8        3       17 |       271
                                     66      114      231       73       28       15       13       11       23 |       574
                                     65      135      513      557      197      105       92       42      146 |      1852
                  MNWC2_Bscale       70      130      344      554      682      306      199       85      429 |      2799
                                     67       96      366      391      654     1017      953      239      957 |      4740
                                    247      185      333      363      365      873     3537     1418     2300 |      9621
                                    192      130      249      263      282      367     1969     3249     1546 |      8247
                                   1026      747     1239     1301      970      939     4385     6051    51050 |     67708

                    SUM            2032     1784     3448     3524     3181     3628    11166    11114    56712 |     96589

