 <pre>

 Contingency table for Low clouds (octas)
 Selection: METCOOPCity     32 stations
Period: 20240601-20240630
Used {00,03,...,21} + 01 02 ... 12
 Limits    1.00000000       2.00000000       3.00000000       4.00000000       5.00000000       6.00000000       7.00000000    
 Each class is data <= limit, the very last > last limit
 Total number of values       61116
                                              OBSERVATION
                                  28173     1864     1497      843      925      704     1087     1212 |     36305
                                   1571      285      270      207      208      159      253      275 |      3228
                                   1018      239      237      166      180      150      226      220 |      2436
                     MNWC2_ref      880      240      250      204      172      148      204      180 |      2278
                                    712      236      238      186      198      158      228      222 |      2178
                                    688      248      230      179      178      142      244      282 |      2191
                                    826      266      309      254      213      225      340      418 |      2851
                                   1621      784      940      706      809      761     1504     2524 |      9649

                    SUM           35489     4162     3971     2745     2883     2447     4086     5333 |     61116
                                              OBSERVATION
                                  29158     1987     1529      948      970      738     1141     1296 |     37767
                                   1314      262      303      211      185      168      259      291 |      2993
                                    883      202      230      160      160      127      180      227 |      2169
                  MNWC2_Bscale      868      204      254      159      175      147      217      204 |      2228
                                    650      226      241      179      167      155      225      219 |      2062
                                    595      241      224      187      206      200      271      232 |      2156
                                    712      279      301      231      259      227      372      411 |      2792
                                   1309      761      889      670      761      685     1421     2453 |      8949

                    SUM           35489     4162     3971     2745     2883     2447     4086     5333 |     61116

