 <pre>

 Contingency table for Cloud cover (octas)
 Selection: Norway     32 stations
Period: 20240601-20240630
Used {00,03,...,21} + 01 02 ... 12
 Limits   0.500000000       1.50000000       2.50000000       3.50000000       4.50000000       5.50000000       6.50000000       7.50000000    
 Each class is data <= limit, the very last > last limit
 Total number of values       27479
                                                       OBSERVATION
                                   2053      758      404      340      192      156      149      136      227 |      4415
                                    379      165      166      177      132      134      129      150      148 |      1580
                                    252       99      103      119      120      110      113      127      150 |      1193
                                    191       63       76       90       96       84      127      146      166 |      1039
                     MNWC2_ref      178       60       67       84       87       97       95      134      173 |       975
                                    153       60       69       74       98      102      125      169      192 |      1042
                                    135       56       76       93       91      133      155      215      272 |      1226
                                    158       65       87      125      126      176      263      397      537 |      1934
                                    380      228      297      329      519      646     1410     3007     7259 |     14075

                    SUM            3879     1554     1345     1431     1461     1638     2566     4481     9124 |     27479
                                                       OBSERVATION
                                   2023      775      415      360      206      159      167      149      230 |      4484
                                    479      164      152      171      157      156      147      124      172 |      1722
                                    228      110       99      133      126      121      110      153      148 |      1228
                                    196       52       76       92       86       94      117      130      143 |       986
                  MNWC2_Bscale      147       61       74       90       90       92      112      145      184 |       995
                                    153       46       77       78       92      118      143      187      210 |      1104
                                    159       60       62       84      113      108      159      243      334 |      1322
                                    175       66       86      130      136      168      290      440      526 |      2017
                                    319      220      304      293      455      622     1321     2910     7177 |     13621

                    SUM            3879     1554     1345     1431     1461     1638     2566     4481     9124 |     27479

