 <pre>

 Contingency table for Rh2m (%)
 Selection: Finland    189 stations
Period: 20240601-20240630
Used {00,03,...,21} + 00 01 ... 12
 Limits    30.0000000       50.0000000       65.0000000       75.0000000       85.0000000       95.0000000       100.000000    
 Each class is data <= limit, the very last > last limit
 Total number of values      571561
                                              OBSERVATION
                                    203      653       17        0        1        0        0        0 |       874
                                   1156    51484    16970     1414      382      157       27        0 |     71590
                                    184    19953    63492    22286     6636     2473      543        0 |    115567
                     MNWC2_ref       16     2896    24375    40585    23928     7594     1799        0 |    101193
                                      1     1056     8737    24275    47617    28711     7187        0 |    117584
                                      0      362     3093     8126    24589    55217    27024        0 |    118411
                                      0       27      268      931     2816    13378    27353        0 |     44773
                                      0        0        3        7       28      200     1331        0 |      1569

                    SUM            1560    76431   116955    97624   105997   107730    65264        0 |    571561
                                              OBSERVATION
                                    300     1679       48        0        0        0        0        0 |      2027
                                   1135    56252    25314     2455      687      325       51        0 |     86219
                                    115    15258    62844    28585     9254     3401      738        0 |    120195
                  MNWC2_Bscale       10     2192    19737    38851    27435     9339     2362        0 |     99926
                                      0      794     6588    20718    45697    30880     8183        0 |    112860
                                      0      244     2222     6299    20630    52326    27342        0 |    109063
                                      0       12      199      694     2275    11274    25558        0 |     40012
                                      0        0        3       22       19      185     1030        0 |      1259

                    SUM            1560    76431   116955    97624   105997   107730    65264        0 |    571561

