 <pre>

 Contingency table for Low clouds (octas)
 Selection: Denmark     23 stations
Period: 20240601-20240630
Used {00,03,...,21} + 01 02 ... 12
 Limits    1.00000000       2.00000000       3.00000000       4.00000000       5.00000000       6.00000000       7.00000000    
 Each class is data <= limit, the very last > last limit
 Total number of values       51829
                                              OBSERVATION
                                  13787     1411     1310      948      881      730     1175     1506 |     21748
                                   1306      313      343      226      179      173      291      278 |      3109
                                    950      282      272      159      181      142      239      227 |      2452
                     MNWC2_ref      877      281      301      190      198      142      266      207 |      2462
                                    729      284      327      181      161      152      300      216 |      2350
                                    737      329      380      200      203      205      396      309 |      2759
                                    949      414      566      289      293      239      558      504 |      3812
                                   2247     1397     1766      985      998      797     1784     3163 |     13137

                    SUM           21582     4711     5265     3178     3094     2580     5009     6410 |     51829
                                              OBSERVATION
                                  13906     1420     1288      914      849      729     1099     1387 |     21592
                                   1282      313      355      202      166      162      271      314 |      3065
                                    881      297      287      171      179      136      246      202 |      2399
                  MNWC2_Bscale      855      303      329      171      195      151      308      245 |      2557
                                    797      286      346      206      201      183      346      259 |      2624
                                    728      328      364      229      219      192      407      313 |      2780
                                    977      447      543      306      309      270      531      497 |      3880
                                   2156     1317     1753      979      976      757     1801     3193 |     12932

                    SUM           21582     4711     5265     3178     3094     2580     5009     6410 |     51829

