 <pre>

 Contingency table for Rh2m (%)
 Selection: EastNorway     72 stations
Period: 20240601-20240630
Used {00,03,...,21} + 00 01 ... 12
 Limits    30.0000000       50.0000000       65.0000000       75.0000000       85.0000000       95.0000000       100.000000    
 Each class is data <= limit, the very last > last limit
 Total number of values      207723
                                              OBSERVATION
                                    215      160        2        0        0        0        0        0 |       377
                                    930    15118     2741      226       56        9        1        0 |     19081
                                     55    11239    23316     5124     1293      404       72        0 |     41503
                     MNWC2_ref        6     1007    12048    14617     6473     1954      302        0 |     36407
                                      0      247     3542    10831    15651     7336     1561        0 |     39168
                                      0       90     1238     4168    12765    21326     6802        0 |     46389
                                      0        7      108      461     2358    10273    11300        0 |     24507
                                      0        0        0        0        0       43      248        0 |       291

                    SUM            1206    27868    42995    35427    38596    41345    20286        0 |    207723
                                              OBSERVATION
                                    234      157        2        0        0        0        0        0 |       393
                                    906    16417     3358      241       51       10        4        0 |     20987
                                     55    10166    24447     6054     1451      438       63        0 |     42674
                  MNWC2_Bscale        9      824    10897    14734     7032     2125      400        0 |     36021
                                      2      207     3190    10234    15745     7551     1618        0 |     38547
                                      0       95     1018     3792    12257    21576     6951        0 |     45689
                                      0        2       83      372     2056     9607    11038        0 |     23158
                                      0        0        0        0        4       38      212        0 |       254

                    SUM            1206    27868    42995    35427    38596    41345    20286        0 |    207723

