 <pre>

 Contingency table for Cloud base (m)
 Selection: Gotaland     43 stations
Period: 20240601-20240630
Used {00,03,...,21} + 01 02 ... 12
 Limits    70.0000000       150.000000       300.000000       600.000000       1000.00000       1500.00000       2500.00000       5000.00000    
 Each class is data <= limit, the very last > last limit
 Total number of values      105487
                                                       OBSERVATION
                                    202      152       60       11        5        6       17       24      215 |       692
                                    135      253      175       19        3        9        2        8       22 |       626
                                    107      393      675      157       64       42       34       11       48 |      1531
                                    118      266      950     1731      694      256      133       50      313 |      4511
                     MNWC2_ref       85      180      466     1350     2681     1111      560      171     1130 |      7734
                                     89      127      319      683     1852     3708     1917      516     2252 |     11463
                                    140      159      278      504      669     2540     4402     1546     3295 |     13533
                                    125       89      194      336      474      867     1765     2515     1690 |      8055
                                    668      433     1063     2181     2778     3689     4760     4249    37521 |     57342

                    SUM            1669     2052     4180     6972     9220    12228    13590     9090    46486 |    105487
                                                       OBSERVATION
                                    264      158       57       14       15        3       11       21      194 |       737
                                    119      220      165       22        1        5        3        4       29 |       568
                                    130      374      544      128       38       28       18       10       43 |      1313
                                    105      280      985     1666      690      217      125       50      267 |      4385
                  MNWC2_Bscale       93      173      512     1408     2640      939      542      142      955 |      7404
                                     79      124      355      672     1937     3661     1731      453     1882 |     10894
                                     90      164      307      504      630     2599     4427     1358     2718 |     12797
                                     88       82      181      301      464      859     1602     2171     1338 |      7086
                                    701      477     1074     2257     2805     3917     5131     4881    39060 |     60303

                    SUM            1669     2052     4180     6972     9220    12228    13590     9090    46486 |    105487

