 <pre>

 Contingency table for Visibility (m)
 Selection: Gotaland     49 stations
Period: 20240601-20240630
Used {00,03,...,21} + 00 01 ... 12
 Limits    200.000000       500.000000       1000.00000       3000.00000       5000.00000       10000.0000       20000.0000       40000.0000    
 Each class is data <= limit, the very last > last limit
 Total number of values      146638
                                                       OBSERVATION
                                     22       33       35       36       52       63       58       33       19 |       351
                                     11       28       14       47       34       48       59       48       16 |       305
                                     10       21        8       38       24       56       49       46       17 |       269
                                     22       74       63      236      184      484      434      326      151 |      1974
                     MNWC2_ref       55       61       53      251      326      902     1063      659      346 |      3716
                                    299      111      108      471      755     2069     3975     4747     3753 |     16288
                                    294       39       43      195      299     1132     4354    10658     9828 |     26842
                                     82       64       29      154      281     1209     4715    25817    22250 |     54601
                                     67       81       41      194      265     1135     3568    20199    16742 |     42292

                    SUM             862      512      394     1622     2220     7098    18275    62533    53122 |    146638
                                                       OBSERVATION
                                     39       54       50       46       36       47       40       21       13 |       346
                                     16       37       28       51       42       63       76       49       14 |       376
                                      9       14       12       36       27       43       37       49        9 |       236
                                     25       67       53      229      194      482      376      239       87 |      1752
                  MNWC2_Bscale       44       55       50      227      328      858      966      567      267 |      3362
                                    294      114      109      454      682     1905     3742     4248     3262 |     14810
                                    304       39       37      205      364     1246     4541    10247     9403 |     26386
                                     71       76       17      178      288     1319     4905    25825    22412 |     55091
                                     60       56       38      196      259     1135     3592    21288    17655 |     44279

                    SUM             862      512      394     1622     2220     7098    18275    62533    53122 |    146638

