 <pre>

 Contingency table for Visibility (m)
 Selection: Norrland     68 stations
Period: 20240601-20240630
Used {00,03,...,21} + 00 01 ... 12
 Limits    200.000000       500.000000       1000.00000       3000.00000       5000.00000       10000.0000       20000.0000       40000.0000    
 Each class is data <= limit, the very last > last limit
 Total number of values      208591
                                                       OBSERVATION
                                     39       39       18       29       18       85      123      119      238 |       708
                                     50       71       36       51       41      114      178      180      284 |      1005
                                     35       37       22       34       49       89      123      120      194 |       703
                                    107       74       81      127      144      321      460      457      785 |      2556
                     MNWC2_ref       61       58       42      136      224      657      905      819     1203 |      4105
                                    116      107       72      215      310     1214     2121     2338     3865 |     10358
                                    289      253      181      472      472     1595     3873     8253    19120 |     34508
                                    104      108       91      256      295      923     2873    18326    50851 |     73827
                                     56       89       71      196      155      459     1676    22190    55929 |     80821

                    SUM             857      836      614     1516     1708     5457    12332    52802   132469 |    208591
                                                       OBSERVATION
                                     55       60       35       69       19       86      110      124      224 |       782
                                     74       67       44       45       28      119      153      162      259 |       951
                                     26       37       19       34       24       96      120      121      210 |       687
                                     89       74       71      102      146      312      461      380      730 |      2365
                  MNWC2_Bscale       53       64       50      128      207      603      804      683     1136 |      3728
                                     95       98       57      199      343     1131     1917     1980     3242 |      9062
                                    307      245      180      454      459     1647     3875     8060    17347 |     32574
                                    109      115       83      289      314      960     3106    17668    49590 |     72234
                                     49       76       75      196      168      503     1786    23624    59731 |     86208

                    SUM             857      836      614     1516     1708     5457    12332    52802   132469 |    208591

