 <pre>

 Contingency table for clouds <7500m (octas)
 Selection: SwedenForest      4 stations
Period: 20240601-20240630
Used {00,03,...,21} + 01 02 ... 12
 Limits    1.00000000       2.00000000       3.00000000       4.00000000       5.00000000       6.00000000       7.00000000    
 Each class is data <= limit, the very last > last limit
 Total number of values       11432
                                              OBSERVATION
                                   2455      197      179      114      122       98      232      286 |      3683
                                    259       35       48       36       46       32       78      107 |       641
                                    187       30       47       22       39       50       69      103 |       547
                     MNWC2_ref      190       35       63       38       58       34       92      138 |       648
                                    162       33       56       46       44       38      100      146 |       625
                                    145       48       62       34       58       45      125      212 |       729
                                    168       48       60       50      100       76      195      370 |      1067
                                    245       46       94      108      267      191      622     1919 |      3492

                    SUM            3811      472      609      448      734      564     1513     3281 |     11432
                                              OBSERVATION
                                   2698      210      216      127      134      111      258      302 |      4056
                                    240       38       51       24       41       33       82      121 |       630
                                    142       32       56       33       59       36       76      109 |       543
                  MNWC2_Bscale      149       38       43       34       42       33       84      135 |       558
                                    113       31       51       26       48       38      112      172 |       591
                                    127       33       41       44       55       54      130      212 |       696
                                    138       34       61       59      118       66      191      395 |      1062
                                    204       56       90      101      237      193      580     1835 |      3296

                    SUM            3811      472      609      448      734      564     1513     3281 |     11432

