 <pre>

 Contingency table for clouds <7500m (octas)
 Selection: Sweden    107 stations
Period: 20240601-20240630
Used {00,03,...,21} + 01 02 ... 12
 Limits    1.00000000       2.00000000       3.00000000       4.00000000       5.00000000       6.00000000       7.00000000    
 Each class is data <= limit, the very last > last limit
 Total number of values      303714
                                              OBSERVATION
                                  92345     5024     4444     3475     3396     2912     3966     7003 |    122565
                                   8674     1165     1144     1006     1122      990     1571     2444 |     18116
                                   6789      988     1117      936     1089     1084     1510     2373 |     15886
                     MNWC2_ref     6379     1117     1285     1136     1223     1175     1879     2985 |     17179
                                   5233     1034     1251     1089     1305     1208     2042     3413 |     16575
                                   4832      931     1238     1023     1383     1332     2460     4384 |     17583
                                   5700     1100     1681     1298     1982     1806     3674     7258 |     24499
                                  10692     1804     3008     2410     4452     4212    10058    34675 |     71311

                    SUM          140644    13163    15168    12373    15952    14719    27160    64535 |    303714
                                              OBSERVATION
                                  97631     5611     4952     3988     3822     3407     4554     7726 |    131691
                                   8182     1094     1250      999     1153     1048     1702     2698 |     18126
                                   6276     1071     1195      973     1157     1063     1631     2655 |     16021
                  MNWC2_Bscale     5617     1071     1266     1084     1253     1164     1939     3036 |     16430
                                   4633      914     1178     1034     1309     1208     2181     3752 |     16209
                                   4200      853     1201     1056     1403     1307     2482     4471 |     16973
                                   4844     1011     1514     1220     1977     1821     3608     7243 |     23238
                                   9261     1538     2612     2019     3878     3701     9063    32954 |     65026

                    SUM          140644    13163    15168    12373    15952    14719    27160    64535 |    303714

