 <pre>

 Contingency table for Cloud cover (octas)
 Selection: METCOOP     48 stations
Period: 20240601-20240630
Used {00,03,...,21} + 01 02 ... 12
 Limits   0.500000000       1.50000000       2.50000000       3.50000000       4.50000000       5.50000000       6.50000000       7.50000000    
 Each class is data <= limit, the very last > last limit
 Total number of values       57868
                                                       OBSERVATION
                                   5944     1165      658      516      393      292      329      368      574 |     10239
                                   1187      402      368      299      278      226      256      268      402 |      3686
                                    697      290      238      211      236      171      186      216      279 |      2524
                                    507      254      200      177      200      135      190      239      278 |      2180
                     MNWC2_ref      465      250      182      186      190      144      157      218      294 |      2086
                                    383      278      234      179      197      166      204      282      363 |      2286
                                    414      290      281      243      214      208      238      361      493 |      2742
                                    501      410      365      362      324      304      405      618     1003 |      4292
                                   1040     1909     1815     1446     1687     1384     2159     4498    11895 |     27833

                    SUM           11138     5248     4341     3619     3719     3030     4124     7068    15581 |     57868
                                                       OBSERVATION
                                   6078     1207      667      524      422      271      342      358      585 |     10454
                                   1174      401      337      299      289      247      282      254      382 |      3665
                                    613      270      245      233      230      191      174      248      305 |      2509
                                    519      231      217      196      197      157      182      216      269 |      2184
                  MNWC2_Bscale      456      233      213      185      201      156      180      254      310 |      2188
                                    387      236      212      208      207      188      224      327      400 |      2389
                                    455      306      300      229      252      192      248      378      597 |      2957
                                    530      465      373      335      345      302      440      638      980 |      4408
                                    926     1899     1777     1410     1576     1326     2052     4395    11753 |     27114

                    SUM           11138     5248     4341     3619     3719     3030     4124     7068    15581 |     57868

