 <pre>

 Contingency table for Low clouds (octas)
 Selection: FinlandCoast     16 stations
Period: 20240601-20240630
Used {00,03,...,21} + 01 02 ... 12
 Limits    1.00000000       2.00000000       3.00000000       4.00000000       5.00000000       6.00000000       7.00000000    
 Each class is data <= limit, the very last > last limit
 Total number of values       41685
                                              OBSERVATION
                                  29742      400      486      225      328      273      757      778 |     32989
                                   1045       43       85       31       68       39      142      138 |      1591
                                    593       33       54       28       36       39       92      110 |       985
                     MNWC2_ref      440       34       56       13       32       30       93       99 |       797
                                    346       32       31       19       46       15       79       85 |       653
                                    314       23       38       34       51       32      125      127 |       744
                                    342       35       56       40       48       35      149      154 |       859
                                    647       84      118      106      175      105      827     1005 |      3067

                    SUM           33469      684      924      496      784      568     2264     2496 |     41685
                                              OBSERVATION
                                  30847      448      533      273      349      278      915      891 |     34534
                                    773       46       68       30       73       41      143      147 |      1321
                                    419       38       56       26       55       37       99       92 |       822
                  MNWC2_Bscale      313       11       55       26       31       19       94      100 |       649
                                    249       20       42       11       38       28       94       87 |       569
                                    229       31       29       27       39       25       87      100 |       567
                                    247       33       38       26       46       23      124      160 |       697
                                    392       57      103       77      153      117      708      919 |      2526

                    SUM           33469      684      924      496      784      568     2264     2496 |     41685

