 <pre>

 Contingency table for clouds <7500m (octas)
 Selection: FinlandNorth     19 stations
Period: 20240601-20240630
Used {00,03,...,21} + 01 02 ... 12
 Limits    1.00000000       2.00000000       3.00000000       4.00000000       5.00000000       6.00000000       7.00000000    
 Each class is data <= limit, the very last > last limit
 Total number of values       50566
                                              OBSERVATION
                                  10360      442      762      312      562      276     1084      413 |     14211
                                   1056      117      219       79      241      113      563      239 |      2627
                                    928      109      244       85      205       98      657      242 |      2568
                     MNWC2_ref      812      130      208      110      272      108      793      308 |      2741
                                    709      107      198      110      283      123      946      399 |      2875
                                    694      126      242      106      328      131     1158      508 |      3293
                                    793      151      353      182      485      197     2041      957 |      5159
                                   1281      237      602      300     1037      436     6876     6323 |     17092

                    SUM           16633     1419     2828     1284     3413     1482    14118     9389 |     50566
                                              OBSERVATION
                                  11090      505      872      337      667      302     1297      497 |     15567
                                   1086      123      240      120      233      113      678      293 |      2886
                                    822      117      247       91      257       98      744      298 |      2674
                  MNWC2_Bscale      758      145      238      111      294      139      917      329 |      2931
                                    644      105      234      129      289      144     1050      414 |      3009
                                    579      118      231      107      356      133     1296      536 |      3356
                                    716      140      297      148      454      183     1912     1002 |      4852
                                    938      166      469      241      863      370     6224     6020 |     15291

                    SUM           16633     1419     2828     1284     3413     1482    14118     9389 |     50566

