 <pre>

 Contingency table for Visibility (m)
 Selection: SwedenForest      6 stations
Period: 20240601-20240630
Used {00,03,...,21} + 00 01 ... 12
 Limits    200.000000       500.000000       1000.00000       3000.00000       5000.00000       10000.0000       20000.0000       40000.0000    
 Each class is data <= limit, the very last > last limit
 Total number of values       18166
                                                       OBSERVATION
                                      1        1        8        8       13       35       20        2       31 |       119
                                      2        5        8       11        7       19       28       11       16 |       107
                                      5       10        1       16        7       25       17       27       41 |       149
                                     17       21       25       82       58      124       87       90      115 |       619
                     MNWC2_ref        9        9       12       52      103      207      190      118      129 |       829
                                     41       11       14       94      116      349      564      524      370 |      2083
                                     84        5        0       30       78      157      590     1506     2037 |      4487
                                     31        4        1        2       31       52      230     2528     3641 |      6520
                                     12        6        1       14       19       49      112     1081     1959 |      3253

                    SUM             202       72       70      309      432     1017     1838     5887     8339 |     18166
                                                       OBSERVATION
                                      5        4        7       11        7       32       22        0       30 |       118
                                      1        9        8       12        6       28       18        8       37 |       127
                                      2        6        2       16        3       21       17       25       46 |       138
                                     11       22       25       83       76      131      105       82       98 |       633
                  MNWC2_Bscale       11       10       14       60       85      201      165       97      117 |       760
                                     25        8        9       86      122      304      569      443      323 |      1889
                                    108        5        3       25       80      181      601     1519     1849 |      4371
                                     27        4        0        3       36       73      226     2527     3758 |      6654
                                     12        4        2       13       17       46      115     1186     2081 |      3476

                    SUM             202       72       70      309      432     1017     1838     5887     8339 |     18166

