 <pre>

 Contingency table for Rh2m (%)
 Selection: FinlandSouth     72 stations
Period: 20240601-20240630
Used {00,03,...,21} + 00 01 ... 12
 Limits    30.0000000       50.0000000       65.0000000       75.0000000       85.0000000       95.0000000       100.000000    
 Each class is data <= limit, the very last > last limit
 Total number of values      218274
                                              OBSERVATION
                                    103      430       10        0        0        0        0        0 |       543
                                    251    30359    10855      773      236      119       16        0 |     42609
                                     16     7533    32429    11173     3514     1248      235        0 |     56148
                     MNWC2_ref        0      649     7599    14621     9326     3445      775        0 |     36415
                                      1      244     1977     5716    12880     9457     2608        0 |     32883
                                      0      104      870     1771     5785    16307     8705        0 |     33542
                                      0       10       71      245      770     4487     9840        0 |     15423
                                      0        0        0        0        6       75      630        0 |       711

                    SUM             371    39329    53811    34299    32517    35138    22809        0 |    218274
                                              OBSERVATION
                                    156     1122       32        0        0        0        0        0 |      1310
                                    205    32753    16341     1440      417      201       30        0 |     51387
                                     10     4891    30581    14268     4908     1767      364        0 |     56789
                  MNWC2_Bscale        0      363     5032    13134    10661     4305     1060        0 |     34555
                                      0      129     1210     4009    11485    10086     3007        0 |     29926
                                      0       69      561     1292     4431    15085     8821        0 |     30259
                                      0        2       54      156      609     3639     9079        0 |     13539
                                      0        0        0        0        6       55      448        0 |       509

                    SUM             371    39329    53811    34299    32517    35138    22809        0 |    218274

