 <pre>

 Contingency table for clouds <7500m (octas)
 Selection: FinlandInlandWind     23 stations
Period: 20240601-20240630
Used {00,03,...,21} + 01 02 ... 12
 Limits    1.00000000       2.00000000       3.00000000       4.00000000       5.00000000       6.00000000       7.00000000    
 Each class is data <= limit, the very last > last limit
 Total number of values       64312
                                              OBSERVATION
                                  20616      760     1038      436      742      373     1421      575 |     25961
                                   1515      184      291      120      270      163      600      209 |      3352
                                   1315      169      306      161      274      164      673      206 |      3268
                     MNWC2_ref     1126      204      346      171      329      204      811      200 |      3391
                                    998      146      273      166      379      205      933      311 |      3411
                                    890      162      283      165      379      211     1169      392 |      3651
                                   1132      235      377      223      543      283     1880      745 |      5418
                                   1500      306      655      401     1065      610     6518     4805 |     15860

                    SUM           29092     2166     3569     1843     3981     2213    14005     7443 |     64312
                                              OBSERVATION
                                  21866      915     1262      504      902      450     1682      676 |     28257
                                   1449      187      295      165      312      167      732      200 |      3507
                                   1163      158      315      145      296      153      730      231 |      3191
                  MNWC2_Bscale     1048      184      296      189      384      208      887      291 |      3487
                                    859      165      303      187      348      218     1031      297 |      3408
                                    720      134      283      157      384      219     1197      411 |      3505
                                    826      192      311      180      489      253     1893      803 |      4947
                                   1161      231      504      316      866      545     5853     4534 |     14010

                    SUM           29092     2166     3569     1843     3981     2213    14005     7443 |     64312

