 <pre>

 Contingency table for Low clouds (octas)
 Selection: FinlandNorth     19 stations
Period: 20240601-20240630
Used {00,03,...,21} + 01 02 ... 12
 Limits    1.00000000       2.00000000       3.00000000       4.00000000       5.00000000       6.00000000       7.00000000    
 Each class is data <= limit, the very last > last limit
 Total number of values       47179
                                              OBSERVATION
                                  16254      428      789      260      496      235      787      645 |     19894
                                   1630      115      230       73      143       76      287      248 |      2802
                                   1087       90      160       51      147       56      271      233 |      2095
                     MNWC2_ref      989       74      162       52      141       50      288      225 |      1981
                                    891       92      163       74      153       48      323      248 |      1992
                                    909       99      188       65      188       73      366      310 |      2198
                                   1174      121      252       87      253       98      608      565 |      3158
                                   2689      306      714      256      889      346     3132     4727 |     13059

                    SUM           25623     1325     2658      918     2410      982     6062     7201 |     47179
                                              OBSERVATION
                                  17252      500      924      300      589      279      934      696 |     21474
                                   1575      133      227       70      165       73      299      287 |      2829
                                   1041       74      188       58      141       53      275      260 |      2090
                  MNWC2_Bscale      923       83      161       57      169       55      316      269 |      2033
                                    823       88      162       61      156       55      336      251 |      1932
                                    826       81      182       61      161       68      426      336 |      2141
                                    991      120      247       85      245      103      626      548 |      2965
                                   2192      246      567      226      784      296     2850     4554 |     11715

                    SUM           25623     1325     2658      918     2410      982     6062     7201 |     47179

