 <pre>

 Contingency table for Rh2m (%)
 Selection: Norway    226 stations
Period: 20240601-20240630
Used {00,03,...,21} + 00 01 ... 12
 Limits    30.0000000       50.0000000       65.0000000       75.0000000       85.0000000       95.0000000       100.000000    
 Each class is data <= limit, the very last > last limit
 Total number of values      660452
                                              OBSERVATION
                                    290      244        7        2        0        0        0        0 |       543
                                   1841    29734     5813      649      142       21        2        0 |     38202
                                    343    30465    57598    16732     4856     1452      243        0 |    111689
                     MNWC2_ref       40     3851    37013    47535    25912     8496     1665        0 |    124512
                                      6      999    12424    35555    59272    35454     7108        0 |    150818
                                      1      357     3851    12489    41473    81776    27430        0 |    167377
                                      1       22      330     1397     7226    29090    28451        0 |     66517
                                      0        0        2        1       49      327      415        0 |       794

                    SUM            2522    65672   117038   114360   138930   156616    65314        0 |    660452
                                              OBSERVATION
                                    313      235        7        2        0        1        0        0 |       558
                                   1822    32521     6777      706      146       29        4        0 |     42005
                                    346    28421    60488    18367     5361     1462      264        0 |    114709
                  MNWC2_Bscale       34     3318    35193    48241    27031     9226     1793        0 |    124836
                                      5      875    11169    34533    59827    36520     7323        0 |    150252
                                      2      293     3151    11361    40182    81442    27713        0 |    164144
                                      0        9      253     1150     6337    27610    27812        0 |     63171
                                      0        0        0        0       46      326      405        0 |       777

                    SUM            2522    65672   117038   114360   138930   156616    65314        0 |    660452

