 <pre>

 Contingency table for clouds <7500m (octas)
 Selection: SwedenCoast     21 stations
Period: 20240601-20240630
Used {00,03,...,21} + 01 02 ... 12
 Limits    1.00000000       2.00000000       3.00000000       4.00000000       5.00000000       6.00000000       7.00000000    
 Each class is data <= limit, the very last > last limit
 Total number of values       59706
                                              OBSERVATION
                                  24350      870      790      570      666      499      498     1779 |     30022
                                   2017      177      205      150      186      119      157      428 |      3439
                                   1528      156      188      116      165      123      134      439 |      2849
                     MNWC2_ref     1419      158      190      145      171      115      175      496 |      2869
                                   1128      130      205      132      179      133      174      506 |      2587
                                   1074      144      221      141      176      161      225      666 |      2808
                                   1238      145      314      166      307      232      371     1005 |      3778
                                   2329      353      641      348      925      635     1078     5045 |     11354

                    SUM           35083     2133     2754     1768     2775     2017     2812    10364 |     59706
                                              OBSERVATION
                                  25666      965      957      641      732      570      559     1941 |     32031
                                   1818      175      216      138      212      108      165      461 |      3293
                                   1401      152      177      129      144      124      153      406 |      2686
                  MNWC2_Bscale     1185      152      189      148      152      135      190      483 |      2634
                                   1021      142      180      112      171      139      200      570 |      2535
                                    905      110      186      143      199      137      215      587 |      2482
                                   1067      172      296      152      352      230      364      990 |      3623
                                   2020      265      553      305      813      574      966     4926 |     10422

                    SUM           35083     2133     2754     1768     2775     2017     2812    10364 |     59706

