 <pre>

 Contingency table for Low clouds (octas)
 Selection: ALL    632 stations
Period: 20240601-20240630
Used {00,03,...,21} + 01 02 ... 12
 Limits    1.00000000       2.00000000       3.00000000       4.00000000       5.00000000       6.00000000       7.00000000    
 Each class is data <= limit, the very last > last limit
 Total number of values     1228661
                                              OBSERVATION
                                 522031    38956    29057    19451    17690    15623    20801    27827 |    691436
                                  33085     5948     5474     4037     3694     3286     5159     7035 |     67718
                                  21651     4645     4250     3335     3117     2890     4140     5778 |     49806
                     MNWC2_ref    18774     4539     4368     3525     3241     2884     4307     5735 |     47373
                                  15958     4550     4556     3438     3277     3064     4573     6303 |     45719
                                  14940     4490     4560     3620     3381     3291     5341     7537 |     47160
                                  17062     5584     5658     4636     4557     4195     7758    12046 |     61496
                                  34907    17073    16507    13889    14700    14947    33361    72569 |    217953

                    SUM          678408    85785    74430    55931    53657    50180    85440   144830 |   1228661
                                              OBSERVATION
                                 541308    41537    30798    20808    18865    16580    21589    27939 |    719424
                                  29142     5582     5342     3998     3784     3342     5201     7066 |     63457
                                  19269     4426     4283     3312     3113     2765     4253     5625 |     47046
                  MNWC2_Bscale    16779     4400     4437     3352     3191     2942     4440     5731 |     45272
                                  14348     4225     4333     3431     3321     2964     4611     6290 |     43523
                                  13007     4451     4386     3622     3368     3285     5594     7714 |     45427
                                  15136     5442     5471     4379     4392     4248     7788    12116 |     58972
                                  29419    15722    15380    13029    13623    14054    31964    72349 |    205540

                    SUM          678408    85785    74430    55931    53657    50180    85440   144830 |   1228661

