 <pre>

 Contingency table for Visibility (m)
 Selection: METCOOPMountain     14 stations
Period: 20240601-20240630
Used {00,03,...,21} + 00 01 ... 12
 Limits    200.000000       500.000000       1000.00000       3000.00000       5000.00000       10000.0000       20000.0000       40000.0000    
 Each class is data <= limit, the very last > last limit
 Total number of values       40324
                                                       OBSERVATION
                                      6        3        5        3        3       14       18       16       50 |       118
                                     13       25        5        7       10       37       64       46       64 |       271
                                     12        5        6        6       14       32       36       43       66 |       220
                                     30        9       12       24       24       81      138      154      225 |       697
                     MNWC2_ref       24        4        9       22       42      167      271      188      350 |      1077
                                     49       16        9       38       72      322      597      615     1126 |      2844
                                    108       32       40       63      106      345      961     2017     5649 |      9321
                                     27        8       15       21       58      169      519     3430    10855 |     15102
                                     15        6        8       13       20       53      235     2640     7684 |     10674

                    SUM             284      108      109      197      349     1220     2839     9149    26069 |     40324
                                                       OBSERVATION
                                      6        0        4        1        4       19       25       16       60 |       135
                                     17       13       10        9       15       35       41       42       73 |       255
                                      8       11        3       10       10       36       39       41       73 |       231
                                     22       11        9       21       32       71      152      133      205 |       656
                  MNWC2_Bscale       22        8       11       26       43      167      243      175      330 |      1025
                                     40       14       12       32       75      326      579      596     1051 |      2725
                                    127       38       36       67       96      316      959     1979     5290 |      8908
                                     28        7       16       16       54      193      541     3333    10980 |     15168
                                     14        6        8       15       20       57      260     2834     8007 |     11221

                    SUM             284      108      109      197      349     1220     2839     9149    26069 |     40324

