 <pre>

 Contingency table for Rh2m (%)
 Selection: Norrland     72 stations
Period: 20240601-20240630
Used {00,03,...,21} + 00 01 ... 12
 Limits    30.0000000       50.0000000       65.0000000       75.0000000       85.0000000       95.0000000       100.000000    
 Each class is data <= limit, the very last > last limit
 Total number of values      221738
                                              OBSERVATION
                                    201       79        1        0        0        0        0        0 |       281
                                   1481    17651     2922      228      124       19        0        0 |     22425
                                    186    14599    24850     5278     1501      460       38        0 |     46912
                     MNWC2_ref       11     2539    13329    13954     6382     1740      230        0 |     38185
                                      4      721     5100    10697    14632     7257     1351        0 |     39762
                                      4      279     2205     5548    13149    18195     6469        0 |     45849
                                     16       40      495     1352     5135     9951    10275        0 |     27264
                                      0        0        0       18      150      274      618        0 |      1060

                    SUM            1903    35908    48902    37075    41073    37896    18981        0 |    221738
                                              OBSERVATION
                                    306      187        1        0        0        0        0        0 |       494
                                   1423    19776     4275      347      182       40        2        0 |     26045
                                    140    13150    25962     6572     2029      626       65        0 |     48544
                  MNWC2_Bscale       11     2035    12182    14165     6943     2126      320        0 |     37782
                                      3      525     4375    10029    15086     7569     1511        0 |     39098
                                      3      221     1788     4905    12111    18178     6743        0 |     43949
                                     17       14      319     1041     4596     9137     9803        0 |     24927
                                      0        0        0       16      126      220      537        0 |       899

                    SUM            1903    35908    48902    37075    41073    37896    18981        0 |    221738

