 <pre>

 Contingency table for Cloud cover (octas)
 Selection: Denmark     11 stations
Period: 20240601-20240630
Used {00,03,...,21} + 01 02 ... 12
 Limits   0.500000000       1.50000000       2.50000000       3.50000000       4.50000000       5.50000000       6.50000000       7.50000000    
 Each class is data <= limit, the very last > last limit
 Total number of values       26075
                                                       OBSERVATION
                                   3878      375      232      165      174      126      172      177      321 |      5620
                                    795      232      195      113      133       83      106       85      198 |      1940
                                    438      181      126       80       99       48       65       60       98 |      1195
                                    311      182      117       73       94       49       58       69       77 |      1030
                     MNWC2_ref      284      177      112       93       94       45       55       52       87 |       999
                                    229      212      159       96       93       61       72       74      105 |      1101
                                    275      230      202      147      110       70       71      101      147 |      1353
                                    342      343      273      232      187      123      118      157      280 |      2055
                                    655     1676     1508     1109     1118      699      658      873     2486 |     10782

                    SUM            7207     3608     2924     2108     2102     1304     1375     1648     3799 |     26075
                                                       OBSERVATION
                                   4041      405      231      155      180      105      161      153      322 |      5753
                                    685      230      179      116      118       80      118       87      173 |      1786
                                    378      152      139       92       89       63       58       68      129 |      1168
                                    319      165      135       92       97       55       58       48       91 |      1060
                  MNWC2_Bscale      308      164      133       84       97       60       58       71       92 |      1067
                                    230      177      133      120      105       67       71       98      125 |      1126
                                    290      241      230      140      134       80       80       93      176 |      1464
                                    354      396      282      201      196      125      125      139      304 |      2122
                                    602     1678     1462     1108     1086      669      646      891     2387 |     10529

                    SUM            7207     3608     2924     2108     2102     1304     1375     1648     3799 |     26075

