 <pre>

 Contingency table for Cloud base (m)
 Selection: Denmark     23 stations
Period: 20240601-20240630
Used {00,03,...,21} + 01 02 ... 12
 Limits    70.0000000       150.000000       300.000000       600.000000       1000.00000       1500.00000       2500.00000       5000.00000    
 Each class is data <= limit, the very last > last limit
 Total number of values       46844
                                                       OBSERVATION
                                     41       49       24       14        1        1        2        0       12 |       144
                                     53      144       85       17        5        8        0        1        5 |       318
                                     64      189      318      131       55       40       19        2        8 |       826
                                     91      154      404     1375      498      307      191       83       49 |      3152
                     MNWC2_ref      249       74      230     1154     2181     1317      581      239      207 |      6232
                                    339       64      178      679     1428     2501     1327      481      423 |      7420
                                    189       52      161      318      596     1214     1698      859      345 |      5432
                                     99       19       87      210      357      565      707     1121      227 |      3392
                                   1229      348      795     2398     2044     1950     1881     1691     7592 |     19928

                    SUM            2354     1093     2282     6296     7165     7903     6406     4477     8868 |     46844
                                                       OBSERVATION
                                     39       68       44       23        0        1        1        4        9 |       189
                                     46      116       74       23        0        1        0        3        7 |       270
                                     62      175      286      137       41       24       19        5        5 |       754
                                    103      151      424     1445      559      274      161       61       68 |      3246
                  MNWC2_Bscale      241       90      245     1225     2181     1296      552      219      222 |      6271
                                    349       67      178      618     1501     2452     1275      462      396 |      7298
                                    168       41      147      315      557     1278     1758      800      291 |      5355
                                     82       29      112      191      328      505      667     1053      153 |      3120
                                   1264      356      772     2319     1998     2072     1973     1870     7717 |     20341

                    SUM            2354     1093     2282     6296     7165     7903     6406     4477     8868 |     46844

