 <pre>

 Contingency table for Visibility (m)
 Selection: FinlandLand     61 stations
Period: 20240601-20240630
Used {00,03,...,21} + 00 01 ... 12
 Limits    200.000000       500.000000       1000.00000       3000.00000       5000.00000       10000.0000       20000.0000       40000.0000    
 Each class is data <= limit, the very last > last limit
 Total number of values      185062
                                                       OBSERVATION
                                     33       52       23       26       28       41      146       72       28 |       449
                                     32       44       28       38        9       49      166       89       45 |       500
                                     20       33       12       23       13       36       95       61       32 |       325
                                     70       48       37      114       94      241      545      273      267 |      1689
                     MNWC2_ref       76       38       45       92      141      434     1064      475      603 |      2968
                                     85       67       54      186      257      921     2726     1853     2063 |      8212
                                    119      132      118      306      293     1176     7684     7397    14145 |     31370
                                     46       45       28      104      216      713    12998    11529    39911 |     65590
                                     28       29       31      102      129      379    17059    13465    42737 |     73959

                    SUM             509      488      376      991     1180     3990    42483    35214    99831 |    185062
                                                       OBSERVATION
                                     36       74       38       36       17       54      123       50       48 |       476
                                     33       28       24       30       15       32      123       65       41 |       391
                                     11       27       11       28       12       27       73       36       22 |       247
                                     59       50       45       98       71      237      539      203      213 |      1515
                  MNWC2_Bscale       63       16       39       86      127      396      917      421      484 |      2549
                                     67       65       53      178      230      842     2398     1658     1624 |      7115
                                    146      142       90      325      318     1253     7033     6979    11948 |     28234
                                     69       56       30      110      234      693    12477    10800    37885 |     62354
                                     25       30       46      100      156      456    18800    15002    47566 |     82181

                    SUM             509      488      376      991     1180     3990    42483    35214    99831 |    185062

