 <pre>

 Contingency table for Visibility (m)
 Selection: FinlandInlandWind     22 stations
Period: 20240601-20240630
Used {00,03,...,21} + 00 01 ... 12
 Limits    200.000000       500.000000       1000.00000       3000.00000       5000.00000       10000.0000       20000.0000       40000.0000    
 Each class is data <= limit, the very last > last limit
 Total number of values       66684
                                                       OBSERVATION
                                      7       24        4       20       11       22       45       17       26 |       176
                                      6       24       11       18        5       19       42       44       38 |       207
                                      6       22        8        8        3       14       21       30       18 |       130
                                      5       30       13       36       23       67       86      110      118 |       488
                     MNWC2_ref       11       32       19       28       25      151      268      204      289 |      1027
                                     19       31       26       62       72      275      654     1010     1179 |      3328
                                     29       63       56      108       93      385     1185     3518     7248 |     12685
                                      0       11       18       39       50      221      549     4872    18706 |     24466
                                      7       13       15       27       21      120      300     4135    19539 |     24177

                    SUM              90      250      170      346      303     1274     3150    13940    47161 |     66684
                                                       OBSERVATION
                                      4       33       10       20        8       34       44       13       43 |       209
                                      4       23        7       15        7       22       37       33       47 |       195
                                      4       17        5       13        3        7       13       22       16 |       100
                                      8       23       17       32       19       58       94       83      103 |       437
                  MNWC2_Bscale        5       10       16       29       26      102      196      158      256 |       798
                                     12       47       29       51       72      312      630      847      942 |      2942
                                     40       66       47      123       88      380     1190     3258     5940 |     11132
                                      5       15       19       40       57      210      615     4623    17863 |     23447
                                      8       16       20       23       23      149      331     4903    21951 |     27424

                    SUM              90      250      170      346      303     1274     3150    13940    47161 |     66684

