 <pre>

 Contingency table for Rh2m (%)
 Selection: FinlandInlandWind     31 stations
Period: 20240601-20240630
Used {00,03,...,21} + 00 01 ... 12
 Limits    30.0000000       50.0000000       65.0000000       75.0000000       85.0000000       95.0000000       100.000000    
 Each class is data <= limit, the very last > last limit
 Total number of values       94107
                                              OBSERVATION
                                     60      169        5        0        0        0        0        0 |       234
                                    236     9685     2747      184       64       16        1        0 |     12933
                                     32     4204    12137     4035     1141      400       59        0 |     22008
                     MNWC2_ref        5      540     4280     6308     3667     1066      162        0 |     16028
                                      0      160     1513     3401     6286     4042      745        0 |     16147
                                      0       70      616     1421     3904     8400     3760        0 |     18171
                                      0        3       34      144      513     2538     5108        0 |      8340
                                      0        0        0        3        9       17      217        0 |       246

                    SUM             333    14831    21332    15496    15584    16479    10052        0 |     94107
                                              OBSERVATION
                                     73      373        8        0        0        0        0        0 |       454
                                    242    10968     4376      378      113       37        5        0 |     16119
                                     18     2984    12264     5251     1613      524       82        0 |     22736
                  MNWC2_Bscale        0      379     3272     5931     4286     1367      208        0 |     15443
                                      0       98     1010     2893     6032     4489      987        0 |     15509
                                      0       29      377      950     3171     8076     3760        0 |     16363
                                      0        0       25       89      362     1976     4821        0 |      7273
                                      0        0        0        4        7       10      189        0 |       210

                    SUM             333    14831    21332    15496    15584    16479    10052        0 |     94107

