 <pre>

 Contingency table for Rh2m (%)
 Selection: NorwayMountain     18 stations
Period: 20240601-20240630
Used {00,03,...,21} + 00 01 ... 12
 Limits    30.0000000       50.0000000       65.0000000       75.0000000       85.0000000       95.0000000       100.000000    
 Each class is data <= limit, the very last > last limit
 Total number of values       44377
                                              OBSERVATION
                                      4        0        0        0        0        0        0        0 |         4
                                     84     1173      250       32        8        0        0        0 |      1547
                                    119     2176     2632      409      163       58        2        0 |      5559
                     MNWC2_ref       20      410     2869     1685      688      224       57        0 |      5953
                                      5       91     1311     2668     2314      961      348        0 |      7698
                                      1       15      438     1793     4208     4715     2468        0 |     13638
                                      1        0       55      239     1309     4312     3927        0 |      9843
                                      0        0        2        1       27       81       24        0 |       135

                    SUM             234     3865     7557     6827     8717    10351     6826        0 |     44377
                                              OBSERVATION
                                      4        0        0        0        0        0        0        0 |         4
                                     93     1373      325       27        1        0        0        0 |      1819
                                    122     2053     2835      467      168       38        2        0 |      5685
                  MNWC2_Bscale       11      330     2730     1772      748      241       54        0 |      5886
                                      2       84     1238     2666     2432     1031      473        0 |      7926
                                      2       25      381     1676     4066     4709     2424        0 |     13283
                                      0        0       48      219     1285     4259     3847        0 |      9658
                                      0        0        0        0       17       73       26        0 |       116

                    SUM             234     3865     7557     6827     8717    10351     6826        0 |     44377

