 <pre>

 Contingency table for clouds <7500m (octas)
 Selection: Svealand     29 stations
Period: 20240601-20240630
Used {00,03,...,21} + 01 02 ... 12
 Limits    1.00000000       2.00000000       3.00000000       4.00000000       5.00000000       6.00000000       7.00000000    
 Each class is data <= limit, the very last > last limit
 Total number of values       82582
                                              OBSERVATION
                                  27337     1404     1317      919      880      686     1011     1478 |     35032
                                   2255      352      330      256      292      240      424      591 |      4740
                                   1795      268      328      302      327      276      455      556 |      4307
                     MNWC2_ref     1722      384      402      327      363      310      562      781 |      4851
                                   1389      312      388      309      402      331      598      917 |      4646
                                   1174      271      381      284      443      369      711     1114 |      4747
                                   1358      297      540      336      593      539     1016     1836 |      6515
                                   2320      505      918      573     1207     1228     2815     8178 |     17744

                    SUM           39350     3793     4604     3306     4507     3979     7592    15451 |     82582
                                              OBSERVATION
                                  28862     1639     1424     1039      979      794     1223     1679 |     37639
                                   2095      327      389      281      314      271      439      655 |      4771
                                   1703      306      395      285      358      280      490      723 |      4540
                  MNWC2_Bscale     1457      317      399      314      382      327      599      795 |      4590
                                   1159      269      408      316      428      357      684     1021 |      4642
                                   1022      242      372      278      449      419      700     1159 |      4641
                                   1132      281      442      310      554      498     1037     1841 |      6095
                                   1920      412      775      483     1043     1033     2420     7578 |     15664

                    SUM           39350     3793     4604     3306     4507     3979     7592    15451 |     82582

