 <pre>

 Contingency table for clouds <7500m (octas)
 Selection: METCOOP    210 stations
Period: 20240601-20240630
Used {00,03,...,21} + 01 02 ... 12
 Limits    1.00000000       2.00000000       3.00000000       4.00000000       5.00000000       6.00000000       7.00000000    
 Each class is data <= limit, the very last > last limit
 Total number of values      590528
                                              OBSERVATION
                                 191054     8767     8945     6052     6762     5180    10971     9475 |    247206
                                  15728     1974     2312     1650     2177     1779     4406     3409 |     33435
                                  12495     1784     2364     1656     2225     1905     4567     3356 |     30352
                     MNWC2_ref    11544     2029     2510     1966     2501     2031     5603     4134 |     32318
                                   9483     1740     2426     1886     2611     2054     6213     4801 |     31214
                                   8712     1649     2398     1810     2851     2296     7274     6135 |     33125
                                  10277     1964     3193     2270     4045     3090    11493    10691 |     47023
                                  16942     3049     5417     4004     8300     6881    34994    56268 |    135855

                    SUM          276235    22956    29565    21294    31472    25216    85521    98269 |    590528
                                              OBSERVATION
                                 202600     9900    10263     7012     7830     6105    13074    10754 |    267538
                                  14543     1930     2443     1756     2320     1895     5036     3749 |     33672
                                  11487     1884     2428     1678     2336     1864     5017     3753 |     30447
                  MNWC2_Bscale    10082     1928     2521     1870     2626     2072     5852     4334 |     31285
                                   8259     1586     2362     1861     2645     2143     6568     5204 |     30628
                                   7276     1500     2349     1758     2850     2205     7480     6328 |     31746
                                   8368     1755     2753     2061     3812     3025    11152    10766 |     43692
                                  13620     2473     4446     3298     7053     5907    31342    53381 |    121520

                    SUM          276235    22956    29565    21294    31472    25216    85521    98269 |    590528

