 <pre>

 Contingency table for Cloud base (m)
 Selection: Svealand     34 stations
Period: 20240601-20240630
Used {00,03,...,21} + 01 02 ... 12
 Limits    70.0000000       150.000000       300.000000       600.000000       1000.00000       1500.00000       2500.00000       5000.00000    
 Each class is data <= limit, the very last > last limit
 Total number of values       83123
                                                       OBSERVATION
                                    174       88       57       11        2       12       28       39      165 |       576
                                     27       97       70       26        4        5        9        8       17 |       263
                                     33      200      427      149       65       47       25        8       54 |      1008
                                     22       89      483     1042      596      242      136       48      184 |      2842
                     MNWC2_ref       18       62      215      717     1441      867      453      129      459 |      4361
                                     45       76      236      379      937     3117     2087      541     1007 |      8425
                                     91       98      196      341      446     1866     4720     1920     2265 |     11943
                                    101       50      107      190      264      688     1917     3313     1133 |      7763
                                    441      270      467      685     1296     2861     5458     4138    30326 |     45942

                    SUM             952     1030     2258     3540     5051     9705    14833    10144    35610 |     83123
                                                       OBSERVATION
                                    207      118       50       14        2       18       35       46      188 |       678
                                     32       94       70       32        4        6        7        3       13 |       261
                                     23      157      370      122       49       42       19       10       34 |       826
                                     21      102      501      979      482      189      107       48      152 |      2581
                  MNWC2_Bscale       25       63      216      776     1415      716      393       78      387 |      4069
                                     37       75      257      378      980     3026     1735      452      799 |      7739
                                    102       87      188      287      434     1950     4645     1625     1826 |     11144
                                     67       46      112      228      257      686     1821     3086      765 |      7068
                                    438      288      494      724     1428     3072     6071     4796    31446 |     48757

                    SUM             952     1030     2258     3540     5051     9705    14833    10144    35610 |     83123

