 <pre>

 Contingency table for Rh2m (%)
 Selection: NorwayInlandWind     45 stations
Period: 20240601-20240630
Used {00,03,...,21} + 00 01 ... 12
 Limits    30.0000000       50.0000000       65.0000000       75.0000000       85.0000000       95.0000000       100.000000    
 Each class is data <= limit, the very last > last limit
 Total number of values      127133
                                              OBSERVATION
                                    113      115        0        2        0        0        0        0 |       230
                                    624    10074     1871      161       35        8        1        0 |     12774
                                     58     7714    13703     2916      738      278       50        0 |     25457
                     MNWC2_ref        8      806     7564     7319     3405     1412      249        0 |     20763
                                      1      235     2385     5876     7626     4998     1261        0 |     22382
                                      0      116      926     2546     7218    13664     5241        0 |     29711
                                      0       12       78      277     1447     7316     6568        0 |     15698
                                      0        0        0        0        2       20       96        0 |       118

                    SUM             804    19072    26527    19097    20471    27696    13466        0 |    127133
                                              OBSERVATION
                                    143      125        1        1        0        0        0        0 |       270
                                    594    11192     2311      192       43       13        4        0 |     14349
                                     57     6813    14515     3435      898      341       39        0 |     26098
                  MNWC2_Bscale        8      679     6893     7558     3860     1612      311        0 |     20921
                                      2      175     2023     5531     7661     5382     1303        0 |     22077
                                      0       82      734     2189     6750    13401     5422        0 |     28578
                                      0        6       50      191     1255     6932     6303        0 |     14737
                                      0        0        0        0        4       15       84        0 |       103

                    SUM             804    19072    26527    19097    20471    27696    13466        0 |    127133

