 <pre>

 Contingency table for clouds <7500m (octas)
 Selection: Gotaland     38 stations
Period: 20240601-20240630
Used {00,03,...,21} + 01 02 ... 12
 Limits    1.00000000       2.00000000       3.00000000       4.00000000       5.00000000       6.00000000       7.00000000    
 Each class is data <= limit, the very last > last limit
 Total number of values      107242
                                              OBSERVATION
                                  34509     1923     1620     1349     1265     1050     1467     2261 |     45444
                                   3033      401      426      403      394      352      533      665 |      6207
                                   2312      353      419      323      378      395      510      695 |      5385
                     MNWC2_ref     2317      351      450      408      443      399      646      867 |      5881
                                   1888      345      418      388      476      425      720      952 |      5612
                                   1803      287      424      348      478      473      885     1344 |      6042
                                   2144      384      606      459      698      609     1327     2152 |      8379
                                   3950      631     1056      896     1649     1479     3321    11310 |     24292

                    SUM           51956     4675     5419     4574     5781     5182     9409    20246 |    107242
                                              OBSERVATION
                                  36547     2134     1840     1561     1459     1279     1664     2433 |     48917
                                   2880      382      418      362      375      350      556      752 |      6075
                                   2129      366      430      358      400      345      546      744 |      5318
                  MNWC2_Bscale     2028      321      434      390      461      398      621      835 |      5488
                                   1651      297      418      358      420      401      697     1041 |      5283
                                   1570      270      422      345      484      450      878     1334 |      5753
                                   1759      343      553      447      748      649     1279     2175 |      7953
                                   3392      562      904      753     1434     1310     3168    10932 |     22455

                    SUM           51956     4675     5419     4574     5781     5182     9409    20246 |    107242

