 <pre>

 Contingency table for Rh2m (%)
 Selection: FinlandLand    107 stations
Period: 20240601-20240630
Used {00,03,...,21} + 00 01 ... 12
 Limits    30.0000000       50.0000000       65.0000000       75.0000000       85.0000000       95.0000000       100.000000    
 Each class is data <= limit, the very last > last limit
 Total number of values      323902
                                              OBSERVATION
                                    140      450       10        0        0        0        0        0 |       600
                                    855    36349    11507      882      271      125       16        0 |     50005
                                    156    14078    41128    13123     4177     1621      338        0 |     74621
                     MNWC2_ref       13     2039    14953    20539    11908     4572     1117        0 |     55141
                                      1      623     5074    11141    19526    13870     4305        0 |     54540
                                      0      254     1931     4323    10889    26143    14760        0 |     58300
                                      0       22      185      658     1860     8698    18167        0 |     29590
                                      0        0        0        1       16      116      972        0 |      1105

                    SUM            1165    53815    74788    50667    48647    55145    39675        0 |    323902
                                              OBSERVATION
                                    205     1192       33        0        0        0        0        0 |      1430
                                    864    39878    17435     1633      488      244       35        0 |     60577
                                     92    10651    40502    16918     5846     2285      517        0 |     76811
                  MNWC2_Bscale        4     1519    11800    19407    13780     5706     1559        0 |     53775
                                      0      424     3563     8917    18097    14827     4875        0 |     50703
                                      0      145     1321     3325     8998    24740    15001        0 |     53530
                                      0        6      134      466     1429     7240    16947        0 |     26222
                                      0        0        0        1        9      103      741        0 |       854

                    SUM            1165    53815    74788    50667    48647    55145    39675        0 |    323902

