 <pre>

 Contingency table for Rh2m (%)
 Selection: Svealand     43 stations
Period: 20240601-20240630
Used {00,03,...,21} + 00 01 ... 12
 Limits    30.0000000       50.0000000       65.0000000       75.0000000       85.0000000       95.0000000       100.000000    
 Each class is data <= limit, the very last > last limit
 Total number of values      128972
                                              OBSERVATION
                                    358      638       11        0        0        0        0        0 |      1007
                                    573    15560     5640      779      194       54        9        0 |     22809
                                     24     3945    16680     6535     2113      726      122        0 |     30145
                     MNWC2_ref        0      285     3955     8603     4927     1863      420        0 |     20053
                                      0       67      948     3986     8871     5379     1522        0 |     20773
                                      0       37      454     1466     5261    10678     5874        0 |     23770
                                      0        1       47      270      903     2806     6127        0 |     10154
                                      0        0        0       10       15       46      190        0 |       261

                    SUM             955    20533    27735    21649    22284    21552    14264        0 |    128972
                                              OBSERVATION
                                    490     1032        5        0        0        0        0        0 |      1527
                                    447    16611     7778     1129      251      101        7        0 |     26324
                                     17     2694    16009     7634     2674     1006      138        0 |     30172
                  MNWC2_Bscale        0      146     2942     8094     5689     2042      556        0 |     19469
                                      1       38      716     3438     8444     5701     1610        0 |     19948
                                      0       10      255     1177     4499    10234     6001        0 |     22176
                                      0        2       30      177      712     2433     5750        0 |      9104
                                      0        0        0        0       15       35      202        0 |       252

                    SUM             955    20533    27735    21649    22284    21552    14264        0 |    128972

