 <pre>

 Contingency table for Low clouds (octas)
 Selection: Finland    103 stations
Period: 20240601-20240630
Used {00,03,...,21} + 01 02 ... 12
 Limits    1.00000000       2.00000000       3.00000000       4.00000000       5.00000000       6.00000000       7.00000000    
 Each class is data <= limit, the very last > last limit
 Total number of values      265719
                                              OBSERVATION
                                 142484     3437     4270     2087     2746     1740     4704     3683 |    165151
                                   8306      631      892      466      636      376     1356      966 |     13629
                                   5408      502      698      341      577      374     1114      850 |      9864
                     MNWC2_ref     4626      509      695      414      567      364     1115      802 |      9092
                                   3964      526      717      389      595      355     1226      803 |      8575
                                   3704      482      719      410      663      409     1414      963 |      8764
                                   4328      564      916      562      889      509     1987     1558 |     11313
                                   8850     1240     2207     1303     2729     1508     9401    12093 |     39331

                    SUM          181670     7891    11114     5972     9402     5635    22317    21718 |    265719
                                              OBSERVATION
                                 149660     3912     4955     2444     3138     1946     5323     4105 |    175483
                                   6926      637      908      497      714      399     1367     1151 |     12599
                                   4581      478      715      382      543      358     1108      842 |      9007
                  MNWC2_Bscale     3893      480      634      375      585      352     1183      825 |      8327
                                   3382      450      692      348      611      375     1214      785 |      7857
                                   3035      440      654      403      597      364     1488      983 |      7964
                                   3496      513      810      460      828      513     2085     1592 |     10297
                                   6697      981     1746     1063     2386     1328     8549    11435 |     34185

                    SUM          181670     7891    11114     5972     9402     5635    22317    21718 |    265719

