 <pre>

 Contingency table for Cloud cover (octas)
 Selection: METCOOPCity     16 stations
Period: 20240601-20240630
Used {00,03,...,21} + 01 02 ... 12
 Limits   0.500000000       1.50000000       2.50000000       3.50000000       4.50000000       5.50000000       6.50000000       7.50000000    
 Each class is data <= limit, the very last > last limit
 Total number of values       33073
                                                       OBSERVATION
                                   4484      805      693      432      230      263      227      257      331 |      7722
                                    740      245      230      229      128      172      184      234      279 |      2441
                                    375      101      146      152       97      145      125      166      246 |      1553
                                    250      100      107      102       99      142      148      183      224 |      1355
                     MNWC2_ref      216       75      100      134      104      137      175      192      263 |      1396
                                    188       66       96      103      102      144      220      244      281 |      1444
                                    199       98       85      127      109      170      224      374      411 |      1797
                                    230       96      101      143      134      225      315      552      712 |      2508
                                    394      145      224      248      290      489      952     2917     7198 |     12857

                    SUM            7076     1731     1782     1670     1293     1887     2570     5119     9945 |     33073
                                                       OBSERVATION
                                   4542      793      697      486      240      298      238      306      339 |      7939
                                    680      232      275      194      135      189      162      219      297 |      2383
                                    366      138      137      153       89      129      170      179      205 |      1566
                                    247       97       95      115      106      133      154      160      229 |      1336
                  MNWC2_Bscale      239       86       81      123       93      129      158      219      258 |      1386
                                    215       78      102      110      108      133      212      241      299 |      1498
                                    210       67       86      117      100      187      227      383      432 |      1809
                                    245       96      108      123      156      221      341      563      761 |      2614
                                    332      144      201      249      266      468      908     2849     7125 |     12542

                    SUM            7076     1731     1782     1670     1293     1887     2570     5119     9945 |     33073

