 <pre>

 Contingency table for Rh2m (%)
 Selection: ALL   1067 stations
Period: 20240601-20240630
Used {00,03,...,21} + 00 01 ... 12
 Limits    30.0000000       50.0000000       65.0000000       75.0000000       85.0000000       95.0000000       100.000000    
 Each class is data <= limit, the very last > last limit
 Total number of values     2943581
                                              OBSERVATION
                                   1262     7231      223       27        1        2        0        0 |      8746
                                   5558   203134    79775     8796     2897     1056      142        0 |    301358
                                    865    92131   302704   113741    35381    13377     2692        0 |    560891
                     MNWC2_ref       80    12120   122604   222833   133562    42081     8713        0 |    541993
                                     11     3652    38332   124318   265117   155668    29942        0 |    617040
                                      5     1284    13221    39318   144480   334269   122677        0 |    655254
                                     17      109     1562     5189    21447    93425   130843        0 |    252592
                                      0        0        5       65      309     1240     4088        0 |      5707

                    SUM            7798   319661   558426   514287   603194   641118   299097        0 |   2943581
                                              OBSERVATION
                                   1664    10832      446       70        4        2        0        0 |     13018
                                   5326   217983   104104    12139     3887     1615      290        0 |    345344
                                    714    77640   304570   132049    43224    16210     3632        0 |    578039
                  MNWC2_Bscale       63     9566   106794   219932   144080    47459    10310        0 |    538204
                                      9     2691    31476   113307   262106   162484    32505        0 |    604578
                                      5      895     9978    32865   131753   327256   124171        0 |    626923
                                     17       54     1055     3862    17878    85007   124543        0 |    232416
                                      0        0        3       63      262     1085     3646        0 |      5059

                    SUM            7798   319661   558426   514287   603194   641118   299097        0 |   2943581

