 <pre>

 Contingency table for Visibility (m)
 Selection: Finland    103 stations
Period: 20240601-20240630
Used {00,03,...,21} + 00 01 ... 12
 Limits    200.000000       500.000000       1000.00000       3000.00000       5000.00000       10000.0000       20000.0000       40000.0000    
 Each class is data <= limit, the very last > last limit
 Total number of values      313818
                                                       OBSERVATION
                                     43       80       36       28       31       57      197      101       56 |       629
                                     36       57       50       53       12       62      224      119       90 |       703
                                     22       37       18       26       16       52      118       74       60 |       423
                                     72       57       46      162      130      313      698      358      357 |      2193
                     MNWC2_ref       83       63       60      150      204      604     1371      632      785 |      3952
                                     96       93       85      303      425     1396     3843     2695     2939 |     11875
                                    148      237      181      558      539     2115    11537    11267    20818 |     47400
                                     85      127      102      293      449     1620    24152    23750    63906 |    114484
                                     42      126       87      213      281     1011    30340    30602    69457 |    132159

                    SUM             627      877      665     1786     2087     7230    72480    69598   158468 |    313818
                                                       OBSERVATION
                                     39       94       47       41       28       63      180       80       74 |       646
                                     38       46       41       36       19       47      178      104       91 |       600
                                     16       37       15       37       15       40      109       62       42 |       373
                                     66       58       51      142      100      292      668      273      296 |      1946
                  MNWC2_Bscale       65       24       50      143      203      554     1180      541      639 |      3399
                                     83      111       90      293      389     1333     3404     2330     2303 |     10336
                                    162      231      164      562      554     2154    10669    10507    17663 |     42666
                                    114      156       98      307      468     1604    23248    22353    60765 |    109113
                                     44      120      109      225      311     1143    32844    33348    76595 |    144739

                    SUM             627      877      665     1786     2087     7230    72480    69598   158468 |    313818

