 <pre>

 Contingency table for Rh2m (%)
 Selection: Sweden    175 stations
Period: 20240601-20240630
Used {00,03,...,21} + 00 01 ... 12
 Limits    30.0000000       50.0000000       65.0000000       75.0000000       85.0000000       95.0000000       100.000000    
 Each class is data <= limit, the very last > last limit
 Total number of values      533974
                                              OBSERVATION
                                    594      835       15        0        0        0        0        0 |      1444
                                   2214    40930    12463     1328      466      101       14        0 |     57516
                                    232    22576    60361    19311     5578     1665      238        0 |    109961
                     MNWC2_ref       12     3249    24732    37740    20741     5958     1044        0 |     93476
                                      4      934     7965    23264    43553    23319     4623        0 |    103662
                                      4      354     3135     8774    27495    51581    21225        0 |    112568
                                     16       49      622     1891     7254    18341    25469        0 |     53642
                                      0        0        0       28      180      393     1104        0 |      1705

                    SUM            3076    68927   109293    92336   105267   101358    53717        0 |    533974
                                              OBSERVATION
                                    849     1368        9        0        0        0        0        0 |      2226
                                   2023    45136    17034     1885      610      173       16        0 |     66877
                                    169    18999    61420    22917     7139     2267      324        0 |    113235
                  MNWC2_Bscale       11     2520    21553    37528    22930     6874     1300        0 |     92716
                                      4      641     6533    21101    43352    24767     5148        0 |    101546
                                      3      245     2359     7520    24854    50562    21856        0 |    107399
                                     17       18      385     1369     6233    16391    24018        0 |     48431
                                      0        0        0       16      149      324     1055        0 |      1544

                    SUM            3076    68927   109293    92336   105267   101358    53717        0 |    533974

