 <pre>

 Contingency table for Rh2m (%)
 Selection: SwedenOpenLandWind     69 stations
Period: 20240601-20240630
Used {00,03,...,21} + 00 01 ... 12
 Limits    30.0000000       50.0000000       65.0000000       75.0000000       85.0000000       95.0000000       100.000000    
 Each class is data <= limit, the very last > last limit
 Total number of values      210256
                                              OBSERVATION
                                    155      218        2        0        0        0        0        0 |       375
                                    709    11075     2514      486      121       34        4        0 |     14943
                                    113     8881    18247     5510     1307      483       77        0 |     34618
                     MNWC2_ref        9     1675    10695    15581     7313     1629      222        0 |     37124
                                      4      510     3960    11928    21468     9419     1010        0 |     48299
                                      4      164     1414     4593    14594    24284     7195        0 |     52248
                                     16       20      350     1142     3535     7927     8858        0 |     21848
                                      0        0        0       22       72      205      502        0 |       801

                    SUM            1010    22543    37182    39262    48410    43981    17868        0 |    210256
                                              OBSERVATION
                                    217      327        1        0        0        0        0        0 |       545
                                    679    12473     3552      706      150       73        2        0 |     17635
                                     82     7875    19029     6439     1710      632       81        0 |     35848
                  MNWC2_Bscale        8     1365     9791    15665     8020     1783      235        0 |     36867
                                      4      363     3346    11449    21734    10046     1097        0 |     48039
                                      3      128     1235     4096    13594    23874     7566        0 |     50496
                                     17       12      228      892     3142     7412     8397        0 |     20100
                                      0        0        0       15       60      161      490        0 |       726

                    SUM            1010    22543    37182    39262    48410    43981    17868        0 |    210256

