 <pre>

 Contingency table for Cloud cover (octas)
 Selection: WestNorway      9 stations
Period: 20240601-20240630
Used {00,03,...,21} + 01 02 ... 12
 Limits   0.500000000       1.50000000       2.50000000       3.50000000       4.50000000       5.50000000       6.50000000       7.50000000    
 Each class is data <= limit, the very last > last limit
 Total number of values       12064
                                                       OBSERVATION
                                    912      273      120      128       40       78       62       29      123 |      1765
                                    179       77       60       61       44       42       40       46       92 |       641
                                    107       45       38       36       44       30       37       39       91 |       467
                                     79       26       28       23       44       29       44       47       98 |       418
                     MNWC2_ref       75       20       23       18       28       34       27       43      112 |       380
                                     46       30       35       23       29       22       32       51      117 |       385
                                     57       28       43       32       29       38       45       67      165 |       504
                                     68       37       44       37       55       54       73      149      290 |       807
                                    158      120      173      117      271      213      532     1127     3986 |      6697

                    SUM            1681      656      564      475      584      540      892     1598     5074 |     12064
                                                       OBSERVATION
                                    920      278      120      139       52       78       70       30      117 |      1804
                                    220       74       60       53       52       48       50       38      118 |       713
                                     93       44       42       41       44       42       29       49       96 |       480
                                     81       23       28       28       30       31       36       41       95 |       393
                  MNWC2_Bscale       53       33       26       23       36       28       35       53      117 |       404
                                     67       20       26       28       31       31       48       58      117 |       426
                                     64       32       32       27       42       20       38       88      167 |       510
                                     65       38       49       32       60       45       81      158      273 |       801
                                    118      114      181      104      237      217      505     1083     3974 |      6533

                    SUM            1681      656      564      475      584      540      892     1598     5074 |     12064

