 <pre>

 Contingency table for Low clouds (octas)
 Selection: METCOOP    289 stations
Period: 20240601-20240630
Used {00,03,...,21} + 01 02 ... 12
 Limits    1.00000000       2.00000000       3.00000000       4.00000000       5.00000000       6.00000000       7.00000000    
 Each class is data <= limit, the very last > last limit
 Total number of values      659970
                                              OBSERVATION
                                 312843    12754    11033     7527     6986     5761     9324    12328 |    378556
                                  20379     2573     2501     1841     1634     1345     2539     2759 |     35571
                                  13306     2108     2043     1388     1437     1227     2062     2295 |     25866
                     MNWC2_ref    11496     2109     2013     1540     1477     1155     2129     2156 |     24075
                                   9831     2156     2180     1568     1524     1227     2269     2269 |     23024
                                   9405     2311     2287     1651     1706     1382     2733     2737 |     24212
                                  10910     2915     3055     2300     2324     1814     3826     4360 |     31504
                                  23674     9771     9951     8017     8485     7354    17960    31950 |    117162

                    SUM          411844    36697    35063    25832    25573    21265    42842    60854 |    659970
                                              OBSERVATION
                                 326815    13890    12125     8274     7609     6214    10055    12749 |    397731
                                  17619     2575     2590     1857     1745     1372     2578     3044 |     33380
                                  11740     2032     2064     1490     1413     1145     2154     2307 |     24345
                  MNWC2_Bscale    10055     2073     2037     1494     1509     1190     2264     2282 |     22904
                                   8750     2104     2150     1526     1541     1237     2318     2341 |     21967
                                   8012     2258     2192     1724     1635     1431     2840     2862 |     22954
                                   9480     2839     2889     2135     2266     1856     3842     4369 |     29676
                                  19373     8926     9016     7332     7855     6820    16791    30900 |    107013

                    SUM          411844    36697    35063    25832    25573    21265    42842    60854 |    659970

