 <pre>

 Contingency table for Low clouds (octas)
 Selection: SwedenOpenLandWind     45 stations
Period: 20240601-20240630
Used {00,03,...,21} + 01 02 ... 12
 Limits    1.00000000       2.00000000       3.00000000       4.00000000       5.00000000       6.00000000       7.00000000    
 Each class is data <= limit, the very last > last limit
 Total number of values      121820
                                              OBSERVATION
                                  64570     2293     1414     1374     1002     1069     1152     2894 |     75768
                                   3904      475      321      337      218      225      275      462 |      6217
                                   2526      372      240      250      176      186      177      371 |      4298
                     MNWC2_ref     2223      339      244      248      189      162      198      351 |      3954
                                   1903      354      268      250      204      192      218      353 |      3742
                                   1850      416      310      254      241      206      255      429 |      3961
                                   2125      529      416      409      274      287      360      684 |      5084
                                   5153     1986     1624     1508     1108     1152     1647     4618 |     18796

                    SUM           84254     6764     4837     4630     3412     3479     4282    10162 |    121820
                                              OBSERVATION
                                  66875     2439     1571     1452     1054     1112     1180     2766 |     78449
                                   3513      452      305      304      235      233      306      483 |      5831
                                   2402      352      254      253      199      169      234      387 |      4250
                  MNWC2_Bscale     1931      351      247      236      192      176      193      349 |      3675
                                   1698      370      272      245      172      188      215      376 |      3536
                                   1544      416      286      268      208      245      277      466 |      3710
                                   1911      526      376      408      295      297      350      670 |      4833
                                   4380     1858     1526     1464     1057     1059     1527     4665 |     17536

                    SUM           84254     6764     4837     4630     3412     3479     4282    10162 |    121820

