 <pre>

 Contingency table for Rh2m (%)
 Selection: METCOOP    674 stations
Period: 20240601-20240630
Used {00,03,...,21} + 00 01 ... 12
 Limits    30.0000000       50.0000000       65.0000000       75.0000000       85.0000000       95.0000000       100.000000    
 Each class is data <= limit, the very last > last limit
 Total number of values     2016670
                                              OBSERVATION
                                   1091     1971       49        3        1        0        0        0 |      3115
                                   5219   128140    40136     3949     1072      309       46        0 |    178871
                                    768    74920   203795    70115    20148     6278     1062        0 |    377086
                     MNWC2_ref       68    10179    94426   152571    87074    25075     4749        0 |    374142
                                     11     3016    30682    93446   183965   104407    19889        0 |    435416
                                      5     1078    10386    31078   106496   225597    84288        0 |    458928
                                     17       98     1235     4293    17916    68666    92490        0 |    184715
                                      0        0        5       36      257      993     3106        0 |      4397

                    SUM            7179   219402   380714   355491   416929   431325   205630        0 |   2016670
                                              OBSERVATION
                                   1465     3514       65        2        0        1        0        0 |      5047
                                   4992   140398    55401     5715     1551      575       71        0 |    208703
                                    636    64210   207778    83731    25258     7911     1387        0 |    390911
                  MNWC2_Bscale       55     8124    83203   150822    95201    28841     5717        0 |    371963
                                      9     2332    25447    85373   182021   109956    21756        0 |    426894
                                      5      785     7976    26554    97356   220319    85615        0 |    438610
                                     17       39      841     3256    15328    62821    88329        0 |    170631
                                      0        0        3       38      214      901     2755        0 |      3911

                    SUM            7179   219402   380714   355491   416929   431325   205630        0 |   2016670

