 <pre>

 Contingency table for Low clouds (octas)
 Selection: Gotaland     43 stations
Period: 20240601-20240630
Used {00,03,...,21} + 01 02 ... 12
 Limits    1.00000000       2.00000000       3.00000000       4.00000000       5.00000000       6.00000000       7.00000000    
 Each class is data <= limit, the very last > last limit
 Total number of values      111173
                                              OBSERVATION
                                  50334     2833     1937     1624     1175     1153     1183     2517 |     62756
                                   3555      583      460      393      243      246      285      434 |      6199
                                   2260      481      394      325      198      232      212      320 |      4422
                     MNWC2_ref     1940      501      368      328      226      200      212      309 |      4084
                                   1652      501      435      380      253      223      205      315 |      3964
                                   1582      538      425      372      284      234      228      394 |      4057
                                   1883      673      568      510      335      350      367      646 |      5332
                                   4174     2487     1963     2010     1510     1458     1756     5001 |     20359

                    SUM           67380     8597     6550     5942     4224     4096     4448     9936 |    111173
                                              OBSERVATION
                                  52287     2999     2064     1705     1204     1215     1205     2485 |     65164
                                   3075      567      487      391      258      271      267      448 |      5764
                                   2097      410      358      303      201      203      223      338 |      4133
                  MNWC2_Bscale     1800      443      398      339      225      213      213      341 |      3972
                                   1503      496      399      361      234      187      224      344 |      3748
                                   1367      546      397      418      260      244      262      429 |      3923
                                   1632      688      564      497      368      351      347      647 |      5094
                                   3619     2448     1883     1928     1474     1412     1707     4904 |     19375

                    SUM           67380     8597     6550     5942     4224     4096     4448     9936 |    111173

