 <pre>

 Contingency table for Cloud base (m)
 Selection: ALL    653 stations
Period: 20240601-20240630
Used {00,03,...,21} + 01 02 ... 12
 Limits    70.0000000       150.000000       300.000000       600.000000       1000.00000       1500.00000       2500.00000       5000.00000    
 Each class is data <= limit, the very last > last limit
 Total number of values     1170079
                                                       OBSERVATION
                                   1754     1108      651      452      439      114      271      483     1912 |      7184
                                    938     1694     1626      698      372      153      126      117      240 |      5964
                                    949     3213     6807     3798     1493      591      478      284      364 |     17977
                                    794     2742    10929    18907     8351     3163     2083      966     1539 |     49474
                     MNWC2_ref      889     1563     5245    17394    29314    12125     6508     2704     5113 |     80855
                                   1214     1490     4457    10527    24337    40859    24208     8206    13019 |    128317
                                   1494     1618     4082     9001    17134    28022    61656    25407    26015 |    174429
                                    971     1090     2693     6006    10428     9742    21052    31918     9966 |     93866
                                   6867     4349    10376    24209    44846    49239    65773    65304   341050 |    612013

                    SUM           15870    18867    46866    90992   136714   144008   182155   135389   399218 |   1170079
                                                       OBSERVATION
                                   1986     1173      678      486      429      149      246      467     1795 |      7409
                                    858     1606     1563      721      343       99       91      108      201 |      5590
                                    921     3049     6178     3299     1189      434      304      229      297 |     15900
                                    817     2749    10827    18625     7535     2551     1671      720     1243 |     46738
                  MNWC2_Bscale      806     1538     5456    17819    28867    10907     5841     2404     4257 |     77895
                                   1114     1512     4461    10303    24797    40117    21913     7205    10781 |    122203
                                   1275     1579     3950     8749    17205    29210    62383    23626    21349 |    169326
                                    868     1064     2669     5760     9581     9120    20004    30138     7730 |     86934
                                   7225     4597    11084    25230    46768    51421    69702    70492   351565 |    638084

                    SUM           15870    18867    46866    90992   136714   144008   182155   135389   399218 |   1170079

