 <pre>

 Contingency table for Low clouds (octas)
 Selection: FinlandSouth     43 stations
Period: 20240601-20240630
Used {00,03,...,21} + 01 02 ... 12
 Limits    1.00000000       2.00000000       3.00000000       4.00000000       5.00000000       6.00000000       7.00000000    
 Each class is data <= limit, the very last > last limit
 Total number of values      110138
                                              OBSERVATION
                                  60348     1572     2041      981     1248      761     1983     1377 |     70311
                                   3620      308      427      220      294      170      556      344 |      5939
                                   2440      237      323      165      263      161      479      271 |      4339
                     MNWC2_ref     2080      252      339      222      279      178      480      280 |      4110
                                   1788      253      367      191      266      200      552      270 |      3887
                                   1640      214      339      200      297      200      576      287 |      3753
                                   1833      248      428      247      416      216      771      441 |      4600
                                   3359      454      912      545     1153      594     3371     2811 |     13199

                    SUM           77108     3538     5176     2771     4216     2480     8768     6081 |    110138
                                              OBSERVATION
                                  63791     1817     2422     1169     1452      866     2205     1598 |     75320
                                   2914      291      402      242      317      180      607      405 |      5358
                                   2002      214      303      171      235      172      470      265 |      3832
                  MNWC2_Bscale     1725      231      297      187      275      187      474      243 |      3619
                                   1481      229      362      171      295      186      489      239 |      3452
                                   1266      194      324      190      270      167      621      290 |      3322
                                   1400      225      362      221      366      226      829      445 |      4074
                                   2529      337      704      420     1006      496     3073     2596 |     11161

                    SUM           77108     3538     5176     2771     4216     2480     8768     6081 |    110138

