 <pre>

 Contingency table for clouds <7500m (octas)
 Selection: FinlandCoast     16 stations
Period: 20240601-20240630
Used {00,03,...,21} + 01 02 ... 12
 Limits    1.00000000       2.00000000       3.00000000       4.00000000       5.00000000       6.00000000       7.00000000    
 Each class is data <= limit, the very last > last limit
 Total number of values       45340
                                              OBSERVATION
                                  21744      579      650      452      460      385     1190      620 |     26080
                                   1235       98      113      102      115       94      399      144 |      2300
                                    897       99      116       92      118       97      365      138 |      1922
                     MNWC2_ref      738      112       95       83       98       68      431      164 |      1789
                                    592       59       97       85      105       93      424      169 |      1624
                                    563       68      114       67      149       95      514      246 |      1816
                                    693      102      147       86      191      161      788      424 |      2592
                                    776      163      215      236      386      305     2591     2545 |      7217

                    SUM           27238     1280     1547     1203     1622     1298     6702     4450 |     45340
                                              OBSERVATION
                                  22936      679      740      521      538      438     1417      792 |     28061
                                   1028      105      124      102      149      110      427      162 |      2207
                                    772       79      115       78      107       94      421      147 |      1813
                  MNWC2_Bscale      580       88       98       79      113       77      465      157 |      1657
                                    481       67       91       69       97       96      438      155 |      1494
                                    451       74       91       70      120       94      488      207 |      1595
                                    465       73      118      102      161      145      803      416 |      2283
                                    525      115      170      182      337      244     2243     2414 |      6230

                    SUM           27238     1280     1547     1203     1622     1298     6702     4450 |     45340

