 <pre>

 Contingency table for Visibility (m)
 Selection: FinlandSouth     43 stations
Period: 20240601-20240630
Used {00,03,...,21} + 00 01 ... 12
 Limits    200.000000       500.000000       1000.00000       3000.00000       5000.00000       10000.0000       20000.0000       40000.0000    
 Each class is data <= limit, the very last > last limit
 Total number of values      129927
                                                       OBSERVATION
                                     28       47       17       22       15       40      119       60       14 |       362
                                     22       39       16       34        9       41      123       59       23 |       366
                                     10       24        8       20       10       29       71       38       24 |       234
                                     21       39       29       94       79      190      381      231      174 |      1238
                     MNWC2_ref       19       27       32       73       93      298      621      350      398 |      1911
                                     44       50       33      120      164      504     1566     1429     1496 |      5406
                                     51       87       72      225      189      793     4499     6074    10459 |     22449
                                      0       21       19       62      121      426     6126     9487    29506 |     45768
                                     13       19       21       71       86      252     9612    11035    31084 |     52193

                    SUM             208      353      247      721      766     2573    23118    28763    73178 |    129927
                                                       OBSERVATION
                                     33       68       24       31        7       50       75       43       19 |       350
                                     27       25       10       22        9       28       83       45       15 |       264
                                      3       25        7       21        8       17       48       24       13 |       166
                                     20       41       33       84       68      195      397      169      151 |      1158
                  MNWC2_Bscale       16       12       29       62       85      262      544      314      322 |      1646
                                     31       51       46      126      147      486     1347     1281     1189 |      4704
                                     60       89       58      235      211      834     4181     5674     8864 |     20206
                                      5       24       14       76      138      406     5880     8915    27874 |     43332
                                     13       18       26       64       93      295    10563    12298    34731 |     58101

                    SUM             208      353      247      721      766     2573    23118    28763    73178 |    129927

