 <pre>

 Contingency table for Low clouds (octas)
 Selection: EastNorway     12 stations
Period: 20240601-20240630
Used {00,03,...,21} + 01 02 ... 12
 Limits    1.00000000       2.00000000       3.00000000       4.00000000       5.00000000       6.00000000       7.00000000    
 Each class is data <= limit, the very last > last limit
 Total number of values        5814
                                              OBSERVATION
                                   1795      286      224      151      127       78      146       53 |      2860
                                     64       45       51       50       40       22       31       21 |       324
                                     49       27       38       28       36       17       30       10 |       235
                     MNWC2_ref       36       25       20       36       25       17       32       11 |       202
                                     31       23       15       24       31       16       33       17 |       190
                                     36       22       18       34       31       16       48       16 |       221
                                     25       23       27       39       48       26       52       19 |       259
                                     72       71       93      182      178      222      418      287 |      1523

                    SUM            2108      522      486      544      516      414      790      434 |      5814
                                              OBSERVATION
                                   1840      304      233      171      146       96      140       57 |      2987
                                     61       37       51       50       49       17       38       16 |       319
                                     35       21       33       32       24       15       34       16 |       210
                  MNWC2_Bscale       27       27       20       38       22       17       36       13 |       200
                                     32       26       20       29       26       17       46       12 |       208
                                     24       18       29       44       28       16       31       15 |       205
                                     22       23       20       43       44       32       53       30 |       267
                                     67       66       80      137      177      204      412      275 |      1418

                    SUM            2108      522      486      544      516      414      790      434 |      5814

