 <pre>

 Contingency table for Visibility (m)
 Selection: Sweden    161 stations
Period: 20240601-20240630
Used {00,03,...,21} + 00 01 ... 12
 Limits    200.000000       500.000000       1000.00000       3000.00000       5000.00000       10000.0000       20000.0000       40000.0000    
 Each class is data <= limit, the very last > last limit
 Total number of values      486414
                                                       OBSERVATION
                                     74      106       66       83       71      162      212      220      287 |      1281
                                     74      121       62      132       85      220      280      293      342 |      1609
                                     54       73       40       96       77      174      203      204      230 |      1151
                                    175      199      186      464      420      977     1129      992     1116 |      5658
                     MNWC2_ref      299      160      130      481      784     2093     2484     1896     2058 |     10385
                                    791      366      262      899     1420     4671     7771     9314    10351 |     35845
                                    859      440      366      878     1096     4539    10447    24961    39647 |     83233
                                    255      251      218      722      788     4247     9236    58611   106234 |    180562
                                    227      253      207      670      632     2369     6572    56966    98794 |    166690

                    SUM            2808     1969     1537     4425     5373    19452    38334   153457   259059 |    486414
                                                       OBSERVATION
                                    104      167      122      154       63      165      190      226      262 |      1453
                                    105      124       93      132       81      231      275      313      325 |      1679
                                     38       59       33       91       56      163      198      225      254 |      1117
                                    145      183      160      425      419      987     1027      812      993 |      5151
                  MNWC2_Bscale      245      172      140      441      736     1947     2243     1578     1765 |      9267
                                    751      368      252      849     1375     4339     7227     8257     8627 |     32045
                                    936      398      332      864     1155     4656    10683    23912    36379 |     79315
                                    267      278      190      780      820     4519     9688    57450   104034 |    178026
                                    217      220      215      689      668     2445     6803    60684   106420 |    178361

                    SUM            2808     1969     1537     4425     5373    19452    38334   153457   259059 |    486414

