 <pre>

 Contingency table for Low clouds (octas)
 Selection: SwedenCoast     21 stations
Period: 20240601-20240630
Used {00,03,...,21} + 01 02 ... 12
 Limits    1.00000000       2.00000000       3.00000000       4.00000000       5.00000000       6.00000000       7.00000000    
 Each class is data <= limit, the very last > last limit
 Total number of values       56516
                                              OBSERVATION
                                  35875      971      583      538      389      446      377     1589 |     40768
                                   1707      208      124      107       58       59       75      220 |      2558
                                   1000      129       87       79       53       52       32      142 |      1574
                     MNWC2_ref      862      115       67       75       47       48       36      117 |      1367
                                    711      115       68       70       51       53       42      122 |      1232
                                    672      115       91       64       65       65       48      126 |      1246
                                    743      172      116      102       68       63       67      200 |      1531
                                   1796      771      514      473      385      350      371     1580 |      6240

                    SUM           43366     2596     1650     1508     1116     1136     1048     4096 |     56516
                                              OBSERVATION
                                  37011     1044      652      519      406      446      401     1450 |     41929
                                   1496      171      102      107       79       70       67      208 |      2300
                                    911      116       65       75       51       51       51      150 |      1470
                  MNWC2_Bscale      713      122       72       66       42       48       33      119 |      1215
                                    615      133       69       59       42       51       38      126 |      1133
                                    532      122       74       82       46       63       48      141 |      1108
                                    642      175      104      116       70       80       66      222 |      1475
                                   1446      713      512      484      380      327      344     1680 |      5886

                    SUM           43366     2596     1650     1508     1116     1136     1048     4096 |     56516

